90
College-diotaat van 6611 (161· 5111116111611 (Dogmatiek).

6611116 611 11651011(1 51661115 111 1161 5611611611 6611161 1015611 611111 bedekking.
Τ6661101761· (16 6116611661611ᾶ6 11166111 (161 1161111111 111 1101166 011151011(1 (16 1161106116
6611 1161 06516611 17611 16111611, 1161 110111717611 17611111112611 611 1761111166111116, Uit
(11611 5111311 15 1161 117617611 611 21]·11 (16 17615011111611ᾶ6 11111151611 0111516611.

Ζο0 15 (1115 1111 ]”66611 611 17155611611, 166611 611 1101616, 5101111611 wind (116 66116616
66116 661101611, (116 101 (16 industrie 161(1(16. De industrie 15 6611 (1616161516 11766611,
1166111001· 111611 op 1161 1761(1 17611 017611166156111116 (161 116111111 (1115 verder kwam.
Langs (11611 11766 1111711111 111611 61 001( 106 (1161, plant 611 11161661 001( inwendig
16 11621611.

Β. Η61111611 17176 6621611, 1106 op (111 17161(161·161 17616 17611 116111115 (16 661516 Α11-
56126 171111 116111115 116601111611 21]11, 1116115 1101111 (16 1171169 6611 (16 orde, 110 6 1111
(116 661516 2117611116 11061116 0111 op (116 1761661116 666111166611-
1(611, 15 01166110111611 6611 561161 17611 ken 1115 611 66116 111111 os
111661 1111611661116616 11651116 (11116. Bij (16 116561101117171116 17611 1161 170-
1166 665(·1116(1(16 10611 61165 6661106666, 611, 117661· (16 511116 0111101161, 1101611106
66611 spontane 1111611601116616 011111711111611116 661101611. 11661111166611 17176 (1601111116101,
(1611 11611 0115 (111 17615011ῇ11561, (161 (Ze kelmis ῖ5 soortyeplfflcher traditionem. Di‘c
15 1161 6161116111, 1717661011 nadruk 111061 66166(1.

(De 166611117001’(1166 0111156116 11]·(1 15 (161165166115611 111 (1611 11701161 611 11661111
(16610111 611005 11161 111615 16 17176161] 611 wil 200 (16 2661( 101 66116 0610551116 1116116611.)

De 11761’κ611]κ6 66116 17611 zaken 15 6617116651, (161 (16 111(>115(1111161(1 111 1761561111-
1611(16 665166111611 66151 516611 op 516611 16666 611 (161 200 6611 6611011117 15 01166-
1101111611. ’1)11 11*01(11 1)6(1061(1 11161 (16 leistorc'sche traditio. Η61 15 1611166111 (1626
traditio 16 11761111011117611 611 01761· 1100111 16 1176111611. Μ611 11166 11661 11161 6111111-
11661611, (1661· zi] (16. (1161165161 (161· 111611561161ῇΚ6 kelmis 15; 11761 11166 111611 21611
(11115611 16661101761· 11661 51611611. 111 0176166115161111111116 (11161-1116116 17111(1611 1176 bij
(16 170111611, 17001·(16-1 1161 101 6611 01116611611611 111 1106111611 luvam, 6611 111]2011(161·6
1661116111 611 661111( 1111117611 17611 (16 1761’5611111611(16 50011611 17611111611561161ῇκ1617611.
1161661111( b. 17. (16 1176111166 17616110611116611, (116 161611 615 ’t 86115111161,(311111665611
611 11611166111175611 01166161116611 11161 0115 Ηο11611(15(τ11, 6611]κ1161170016611166111117611
11765, 1166117611 17176 111]116 111615 1761516611 11111111611. Νο6 17661 111111(161 15 1161 011(16
1311115611 17615166111)661·. Κ6111 111611 61761111761 11611166111175011, (161111611111161166117611
66111 6611117611 17106661· 617611 606(1. Ε1· 15 (1115 6611 1166111611 6611 (16 11661116, (16.1
6611116111 61161 11161 6611 17661 51611161· ontwikkeling 17611 11161110116. Bi] 0115 15 (16
11161110116 17166561111( 2117611. Ε611 1166661666 11111011(1 17611 kelmis, b. v. 17001· 6611
examen, 17611 1111111611 16 00115011(1661611 15 17001· 0115 200 111061611]κ, (161 1161111661]
111661( 1111611111( 21111 116(166116611 11117106(1 op (16 662011(11161(1 (1061 1111110111611. Bij
(16 01111611 6611161· 11765 (16 11161110116 200 snm-k, (161 66116616 66ᾶ16111611 17611 HO-
11161·115 1161· memoriam 17611 6651110111 6611 6651116111 11616611 017616616116111.

