28
Collega-diotaat van 6611 (161· 6(11(1611(611 (Πο61116(161ς).

belnmclelingy. De zaak 11106( 111( (1611 1101161 0116611661(1 611 1116( 116( 01761166 111
01661116611 verbane] 6626(; (16 ν616611111611(16 stukken, (116 (1626 quaesti& raken,
11106(611 116110011111( gesystematiseerd.

Gevolg daarvan 16 66116666 (16( (16 1661· 17611 (16 Gratia Communis weinig
invloed heeft nitgeoefend 011 116( Ο611711116(160116 1617611.

De oorzaak (166117611 was (1626, (16( Ζν17111611, (116 6611 (1111171111 voorafging 611
21611 17661 1116( (1626 2661( 11621611161(1, (16 1011( 1066661111661( van 1116(1161(161’
6611066 116( 666611(1661 karakter van (16 Gratia Commanis 111 (6 21611 611 (1661-
(1001 1116((61·(166(1 (16 (1176(16 Communis 61116 1761κ161611 011 66116 1111126, (116 11661·
6111161111 (166(1. Zwingli 1161(16 61 (06 01161· 0111 (61661611, (16(1116111161161680616(66
6. 6. 11111(611 (10(16 Woord 611 6661611166 1116( (16 ΟΙ11·16(611]’κ6 1611616 0111 2011(1611
1611111611 26116 worden. In 11166(6 17611 (16 (111666(16 ίὴ60(ἰί66ϊ6ΐ1”6611 ,(6 11666110111117611,
61116 111611 (16 111666 6(611611 of 6116 Η61ᾱ611611 1761101611 11761611 611 6(61(16111611 (16
(111666(16 -ςοί6νίο109ἰ6611, 11766101761· (1611 6611 16(161· 21111 6617061611 111((6. Ζο0 1166111·-
pen wij, 1106 6 116660 111 21111 111-1611611 6611 Buces 661111117611 kon: „Gij 2111( 1111]
We] 1116( 17001· 200 6101111121111116 11011(1611, (16( ik 11761111011611 2011 6611 (16 261161161ᾶ
van 611611, (116 111 (16 1161(1611ν176161(1 661101611 21111. 13626 11766610111 60(6110106160116
611 1111110601111166116 11611611ᾶ611116 16 116( 66117666(, (116 (16 01761166 (1160106611 van
6611 (1160106166116 (1. W. 2. 6611 (1161161 11161·1111611(16 11611611(161111611661(616666111’1κ(.

111 01126 (1011166616 16 111 1761116161 1116( 116( 1116111017611 11661110116116 011 (111661161
(6 117112611 :

1⁰. Art. 12 17611 116( 1166111 (0( 611 1116( (16 woorden: „ten emde (lat (16 mensch
:gfsjnen 6οὠ (11611697 111 (1626 (11166 21116116(1611 6(66( 116( 00161110111161111( 111611 Gods
1116( (10 8611611111116 111(66(11·11κ(. ’116116116 1110111( 11161111 1111666111011611, (16( 6611661
(16 6611611111116, (16 namur, (16 (1161·611- 611 111611(6111Ν61·61(1, (16( 116( 61166 111 Gods
111611 6611 616611 106111116 611 1166(61111111116 11661( 611 (16( 1116( op ziehzelf‚ 111661· 111
verb-and 1116( (1611 mensch, voorts, (16( (11( 61166 (1001 God wordt in stand 6611011-
(1611, 0111 (len mensch te (11611611, ten cincla dat (16 mensch 6141161( Gocl (116716, d. W.
2. 011(16( 116( (1001· 1111(1(161 van (1611 1116116611 (0( ν61·11661·111’]<1116 17611 Gods 1166111
2011 161(1611.

2⁰. Art. 13. In (16 11001·166(6(6 21116116(16 17110111( uitgesproken, (16( 17611 God
111(666( 6611 111(00111611(16 611 116(611661611(16 1116611(, 111766111001· 116( ν61(161·ν611(1 111(-
111·6κ611 van (1611 ὄλεθρος 11170111( (6661166110116611.

3⁰. Art. 17, 6611661 ellendig=absolute 611611(116. 11161111 6611 (1611 6611611 kant,
116( 161( (16( 116( md van 116( 111611661161111( 1166(6611 6116011111( 111(10011611(1 16 11661
17616611 611 6611 (1611 611(161611 kant, (16( van (1οᾶ (1611 116016 6611 (166(1 111(61116
om (11( (6 6(111(611.

116( 66(1661(6 van (16 11611166 schrift, 117661111 0116 (16 Gratia communis 66011611-
1)661“(1 wordt, 16 Gen. 1—12. Μ6( (16 106111116 van Abraham 1066111( 111 6611. 12

