70

Collega-dictanda van een der studentem (Dogmatiek).

biedt ons 6116611 666 61661116611611 11611611, (116 0116 20011661 106661 66 1166111666
6661116661, 616 1061·61κ66(16 16 016 0116 61166, wat (16 1661616 dingen betreft ((16
1176(161·0961611(11116 (166 1116660666, 1161 1661616 0061661 662.) 616 1700167619 des
6610016 16 (10611 6666616611. 13661016 Wordt ons 61166 66266(1;

(ι. (16616 111 6116161111166611 666 1161 (166616116οΠ 1617611 01111666(1;

b. (16616 111 657611101160116 1166616916611.

a. Wat van 16616161 overblijft 16 zijn lijk, (161 016161 (16 6661601 111 6611 696-
10111( 1066161766 11170161.

b. Door 1161 1366161166 16 11616611311611 11161 1161 666 (16 66166 toevertrouwen
van (1611 2666601161, (116 (1661111 176610111611 wordt 611 616111, 1661 (16 91016116 van
6611 nieuw leven. (1 Cor. 15.)

2. Wij 11106166 1166111666 11161 (16 noodiqe distincties.

Bi] (16 6011699166 11701011 Α(161116 σῶμα 66161 6660116966 611 1161 1161 (1661 606
0611621616 6616601. 1)66 wordt (16 ψυχή 61 (1001 God ingesohapen: 1161 1617611 0611111111
611 Α(1661 11616611 21011 09 (16 66166. Elke 11160116 (166, (116 1161 206 1100161611611,
61601 1161 1101166111 9106601 (161 2161 206 zijn 611 61601 116616 11161 1111166, 111661
6666 substantie zouden 21111, 11701111 (1001· (16 80111111 6106016111 11611111019611. Het
1101166111 is een eigyen (1196616166,- 001( 61 16 1161 016666 (161· 2161. De 2161661161
1101166111 21111 16661 09 21011 2611 666 61666 0166616166 (1. W. 211611101166111116211
01161116116611111 van (16 2161 16 210112611 6116 666617666, (116 600616 zijn voor
6611 0166616011 1611611. Die 1171766, 1101166111 611 2161, 1166611 116 wel bij (16
6011699166 111 6611 61110, 611 (166 17170161 1161 0166616616 van 1161 1101166111 6611
ονρααη 1166 (16 2161 66 011161661 61· 6611 111171761111116 van beide 09 6111661; 111661
6116 1166161( 111061 11161· 661666 09 1161 woord ονῃααης 1161 66601116ᾶ1 11161 1116011-
16116 01 11016666 (16 6606166116, (10011 17016666 (16 unio creatrix.

Niet (166ῑ (16 2161 16 (16 016611160116 06666116 van 1161 1101166111, 111661·; 1161
1101166111 16 09 210112611 6611 616611 0166616616.

Α116611 1111111 (16 171666 01761, 01 1161 1101166111, 106 66660111 van (16 2161, 001(
161166 16 21011 116611, 01 11161, (161 1161 1611611 6116611 17170611 6660110611611 66 dus
voor 1161 0166616616 van 1161 1101166111 6116611 (1611 11661661 116 (16 unio 11161 1161
0166616616 (161 2161; uariat 1161 016611161116 1766 1161 1101166111 1661116101666161116
(161· 2161 111 66111666601169 16 66116666. En (1611 16611 (16 Η611166 80111111, (161 wij
11661161 1611611 van het 11066661 111616 1166966166, 17001 (116 unio 1661 (16 216116 101
stand 6610160111.

3. 1 Cor. 15: 36---39. Hier wordt 0116 (16 17001616111116 66661166, (1611161 σῶμα
17611 (1611 1116116011 111 den vorm, 11766116 1161 6611 (16 66166 wordt toevertrouwd‚ niet
bestendigd wordt, 111661 ἀναλύεται. Wat wil dit 2666611.Ρ 1161 11611 6161 beteekenen:
(161 1161 176111161166 11101111, 17176111 (1611 2011 61· 66611 0961666166 17611 1161 1101166111
16066161( 21111, wat 09616611 261, κ66 111616611 (16 φθορά worden prijsgegeven. Doch

