»⁴-

Οὐ
0611666-6161661 van een der 5166611166 (Dogmatiek).

(1611 611661171616611, 6611 ἀποκατάστασις πάντων (1115, 61 51661 1161 6116611 66 66
5611616 661 16611111661616611ἱΡ ’1 11661516 15 1161 661161, want vs. 11 πᾶσα γλῶσσα
ἐξομολογήσηται 6112. kan 6116611 516611 66 (16 66166111 6616616666, 6661 1116111666
11611 2666611 Christus 162115 66 116616 16 21111 (1611 (1661 (1611 H. Geest. πᾶν 611
πᾶσα 2116 11161 111 166611516111116 6611661611 11161 151661 (cf. vs. 25 111] 165616) 1161
6665161666 151661 1116161 111 21]·116 1616111611 6611661611. 111151 66616111 661116115 (16
ν611116161116 van 66 καταχθόνιοι 661116111611316

Μ661 6661611661 ν61·51666; 21]’, 616 111 1161 6161 Zijn 61 21]”, (116 111 (16 86116661
21361Ρ 136 ἐπουράνια 16611 1111611611 66 611661611 2116 11161 6116661166661 6626116666,
(116 21611 1111266661 611661561161666 11666611; καταχθόνιοι (16611 6611161 116611 66 1161
6161 611666, 111661· (16 ἄβυσσος 1116161 61 11166 11666616 (61. Es. 4: 8, 9 6611. Rom.
10: 73 161 66 661 κατέβη), 66 116665. Ζ66 11611161 611 1161 1161-11166666, (161 (1661·
Ρ6111115 11161 (111 καταχθόνια 11666616 21111 66 6616616666, (116 611(161· (16 61166
11666611116 6651611766 66 6686116661 waren 1116666611; 16111761 16611 Ρ6111115, 615
hij spreekt over (16 6616611666, 616 111 0111151115 51611166, 611116 (1611 16111( 6611766115
116111; ,,Η1]“ 261 26 161 21611 1161111611 11661 116ν611” 611 6116616 6616616116 1111611111-
11166611, 1117661111 662666 1116161 van (16 6616616666 116 (16 1166161ν6611, 661 21],
615 21]· 21111611 6615166611 21111, 111] Christus 2111166 1176266.

Η6111·. 12 ; 22, 33. Η161 5616116 van 66261166 καταχθόνιοι 1111 Filipp. 2 ; 11,
66611 11161· worden 26 16 (1611 11611161 6651616. 1111111615 (16 6665161 5616661111 6611
6116166151611 1116 661· 661-15161666 116111, 67661111 1166 1116611-1711611116 (111-15161166
11666611 6651611166 zijn3 (162611 6115 1611111611 11161 11666616 2116 6161 πανηγύρει καὶ
ἐκκλησίᾳ, want (1626 1176616611 (11116611 66116 616616 5611616 6611. 13115 1166 6116611
11666616 21111 66 5611616 661 6616616666 van 1161 (31166 Verbond. 1362611 (1115, 616
(3111151115 51611 ἐν κόλπςόἈβρααμ, 1111166. 2 615 καταχθόνιοι, 6166151 Η6111·. 12 111 (1611
1166161 611 11161 111661 111 66 86116661.

066611. 7 : 4 55. 56166111 61761 (16 5166111166 1516615 611 VS. 955. 61761 (16 ὄχλος
πολύς, 66 66261166611 1111 (16 11616611611, 66 1761116166 ἐκ παντὸςέθνους 6112. 13626 116166
61666611 611 worden 615 ἐσφραγισμένοι v2772 (len hemel 6621611, 661( 61 11616611 66
665166111611 1516615 van (16 1161116166 611(1615611616611 611 116166 min 61 61661· 111
ν6156111116666 66661116 6616611666.

Luk. 23 ; 43. Christus 11616611 6611 6611 1116616611661· 61111 1161 κ1·1115; ,,Η66611 21111
gij 11161 Μ1] 21111 ἐν τῷ παραδείσῳ”, (1115 6161 ,111 6611 11611161”, 116611 ,, (16 8611666177, 111661·
„in het paraclz'js’z 15 (111 66 11661612 11616665 17176161 1161 6115 615 26666111666166-
](6116. Η61 116116611 6611 661( 11161 161 6611 οὐρανός, 61661· 161 (1611 κόσμος. Η61
66166115 15 6611 (1661 van 6611 κόσμος, 661 11161 1161116156116 11661·11]κ1161(1 15 61761·-
κ1666 611 6ν61·61·66611. ’131661 (1115 111 2611611616 611 11661111161616 611 616115 11617611
(16 66166, 111661· 611661· 666 11611161; van (16 661516 1161166615 van 1161 66166135
11761611 we, 661 26 (1661· 1161 66166115 11666, 116 1161 66166115,111661111611161

