72

college-dictaei: van een 061· 6100611160 (Βο6111611611).

116116610 1100 6110611160 61 06 60061661 1166166006 6101066160, 0011 1100 1161116260
6611 6611116111 of 111661, 10661· 061 2611616 111-01101116 van de chemische 116616110-
0661611 200 1006160 1111111611.

4. Dit resulta-at 1160 6116011161 0161 200 660116610 001 11616660 06 embryologie
en 06 11016016 006 166160. Μ60 1160 b. v. een 111601, 660 6110111 101 660 060
61000 616011060, 16101131 10611 1161 σῶμα van de plant 0161 161001· 6661, 0661 1161
0166016106 11611 016 111601 06 11166111 10 21611 106211 001 1111661 6116111166116 hestaud-

(166160 111 21611 011 16 061060, 000016 101 6611 0110160111 11001111160660 van 6160-
6616, 1116061611 611 1010666016.

Η61 6116116 116111166611 166011661 11110101 0611161116 16606 61006 1161611061·οῑ 061,
6611 plantam-dig 0166016106 11161 611110 06261106 6061016606 06616000661611 106110611
16 1161100060, 10661· We] 1161 1161100660, 010 1111661 611601166116 116616000661611 op
16 nemen. De mogelijkheid 10061 006 1111111160 0111 011 (16 0106611106 111 66111116
proportio dezelfde 611610166116 11661600066160 101 21611 16 nemen. Voor 1161
1060660611111 1161166111 200 11161011 060 110166οῑ (161 111611 611660 060 11101161 11611
060 mensch 200 11106160 16160 11661660.

111106661160 66611 06 10016016 0116 006 66116 andere 166, n.1. deze: 061
61116 110160116110, 616 (16 1110611106 11016100 10 060 κόκκος (1 Cor„ 15 ; 37), 6160-
661 611 61166 1661 11616660, 21611 600660116611 10 (11611 κόκκος 60 066110 21ῥί0 61660
0166016611 1611611 1161116106611. Ζο111 660 1101161116 10611 16 660 0166016106, 061 06
1110661131111610 116211 010 1111661 06261106 aren 110011 16 11160660.

Η161·011 21611 we, 061 0116 0011 06 11101161 1160 1111666660; 10661 061, 616 06
11101161 11666661, 1161 0166016106 op eene andere Wijze 10061 1161100060 111131160,
11.1. 10 0611 vorm van 1161 2660, 060 κόκκος.

Nu 16611 06 60110111010616, 061, 1111600661· ,0160 1161 embryo 1160 060 mensch
in zijne 116166111116006 61601611 066661 60 wel rugwaarts, er 061-6606 een 11101-
6611116611 0116166116 1116616 116611, 10661 666160166 00111111111611116, 101061 61 01616
6601116216 16 0611 6116611 660 600116100160 26601101161. Η161·011 11113111, 061 0611161116
11661 1161 0166016106 11611 1161 10606611611111 1101166111 66600660116610 11611 worden
111 660 κόκκος, 660 601111γο van de 11161061 10066111116 6006110660.

Wanneer men 211111 660 61011110 of κόκκος 1160 660 111601 1016106601116611 00061-

206111, dan 1161110111 men, (161 011 2660 0011 1111661· 111616 6110616 16 060 61161016611
001166011616 6101.

Ηο6 fijn men zoo’n κόκκος 0011 011116601, 10611 vindis 01616 11611 11610166016106
11611 20111 een plant. Hieruit blijkt, 061 1161 0166016106 van 110001 of 111601, 061
1161 6111111110 11611 den mensch 0161 1160 2110 200061· etos, 01661061 0011 10 016
6101 11001 0116 1161 0166016106 2611 110111010611 0061111111661 16.

1)11 00 011616611166111 op 1161 61611160, 200 11111111, 061 11001· 1161 11661660 van
1161 1161166111 611660 1161606 heeft 011, 061 0616606, 1116111610166016106 0111066111

