142
College-diotaat van een der sizudenten (Dogmatiek).

Na 116( ν61·(1νν1111611 17611 (116 (11766 profetam, 21111611, 200 17170111( 1761(161· voorspeld
(cap. 13), 117661 pseudo-proseten optreden. 116616( (0611 116( 11666( 16 opgekomen
1176. 11 (1. 1. 6611 1116116611, (116 (16 (1161’11]“1(6 1116611( op 661·(16 261 (0011611, 1(0111( 61·
11666( 116111 6611 (1166(16 11666( op, 611 (16( 16 (16 pseuclo-profeet, (16 17611711111116
17611 (16 1711166116 11101666, 171766117611116 61166111106(16111·66116111’6(16116621611 worden.
111] 261 116( 11661(1 17611 (1611 Christus (1166611 (176. 11). Ζο0 261 hij 21611 1700160611
1116( (11766 1100111611 (166 1161116. 116( 611161( 616 (16 (11·661(, 116( 1166613, (16( 1711111 spuwt.

Η6( (76776116 11666( 176117111( (1611 101 17611 6611 ψευδοβασιλεύς ((16 (1116 611111(611 171701-
(1611 6116 116661100(6(); 116( (171766(16 (11611 van 6611 ψευδοπροφητής. 1316 pseudo-pro-
feet 261 111 176111611(1 6136611 1116( (16 176166116 11761·61(11116611(. Ζ6 21111611 26116 (66-
1(611611 (10611, 200, (16( 111611 11611 2616611111(1(1611. 1)6]16611(10-ΟΙ1116(116 2616611
116611(10-1(611( 0111161111611. 116( 216( (1116 op 66176 verbimlzssngy (671 de ztalsche karle
met (Ze ralsche wereldmacht. 136 66116616 6(1·61(1(1116 261 zijn 0111116( 6(66(6-
11116(>111(161116 (6 (10611 6611111(1(1611. Ε17611616 (16 1(61·1( 17611 Christus (1611 Doop heeft
616 11161’1((661(611, 200 261 (116 116611610-1110166(0111161116 001( 66116 1(611( 0111161666
611 6611 pseudo-sacrcmnfflzt 1116(611611 611 6116611 171716 (16( (661(611 116616 261 111 116(
111116611111( 1617611 1(111111611 011(16(1611, 261 ,111116611661116111161111611, (61117111 (16 anderen
worden 11666110111717(1 616 1111116116. ’t Ζ61 (1116 21111 6611 6(66(61(611(, 617611616 17106661·
(611 (1](16 17611 Rome. Wat 11161· stam, 16 617611171761 6611 6161111111 praecursorium,
(16( (61(1666 606(1 11161“1(11661’ 261 21]·11.

Wat de predilcingy 116(1·61“(, 111 (1626 profetie boedoeld, 26 mag met 11666110111717ᾱ
616 (16 praedicatio Enfflzgyeliz', 111661 616 praedicatio judicii. In 116( 011(16 Testa-
111611( 21111 (116 (11766 61(1,]“(1 (1001·6611666(1·611661(1; (1661 1161111611 (16 profetiecm 66116
(1111111616 6171·61(1(1116 11.1. 616 61016116 van (16 6(1·611’6 (10(16 611 616 (116 17611 1761·-
10661116. 130611 111 116( Ν16111176 Τ66(6111611( 66611 (1626 1161(16 111(6611. Ε616( 1116(
(16 1(01116( 17611 (1611 Christus 111 116( 171666611 (16 111·6(1166(10 Ε1161166111, (16 1761-
1711111116 17611 (16 176110661116 611 (166117611 171701(1( (16 πλήρωόις (161 κρίσις 1166116(
61666611616611. 13626 1717016( (1611 6626( 6611 116( 6111(16 (161 (11116611, 616 116(
66(61 (161 111(17611(01611611 1701 261 21111. 13611 261 (116 profetie 17611 116( judicium
111( 116( Oude Τ66(6111611( 117661 17170161611 01166110111611 611110666116 616 praedicatio
judicii uitgaan. Die praedicatio judicii 0116616(61( (1116 16(6. Ε1· 11106( 6611611166-
dicatio Ε1161166111 6611 1700161 21111 6666611. 136610111 11106(611 17176 (11( altijd van
6611161611 af 1166611011117611.

1316 praedicatio judieii 1761·011(1616(61( 66116 prediking 17611 116( Ε1761166116 acm
(le gyelm’le zrereld. 131( 111ἱ]1(( 111( 116( ,,Β61’6611, 1761( op 0116, 611 116111761611,116(161((
0116 17001· (1611 (00111 (166 Ζο0116.” Α11611 (1166611 (1116 1(6111116 17611 211116 1(0(116(,
001( 61 6610017611 zi] 1116( 111 Η6111. Α11611 1161111611 26116( Ε1761166116 6611001·(1.

131( 11661( ,162116 (1611 001( 2611Ἃ 662666, (16( 6616( 116( Ε1761166116 111066( 66-
]11’(·(111(( 11701·(1011 6611 (10 66110016 11761·61(1.

 

