105

College-dictaat van een der 6166661611 (Βο611161161().

De 611661611 nu zijn:

a. πνεύματα 6161 666 1(1661·, 1161661 1611666 106111166161111;

b. πνεύματα, 616 066611166 66111666661166 11161 61666661 116161166;

c: πνεύματα, 616 111 66116 61111, 111 66166611661166 1661 (3106 61666.

Α16 116 16666 6661, 661 66 61666101116666 616 66661611 6611611 61111 (11161111. :22 ; 30)
600 110161 11161611, 661 (16 66111166 6611616166 zijn 16 136661106111166 616 ’0666616 11161
10611116616136, 616 66111666661166 11161 61666661· 6610116666, 616 66116 6110616661166 101
los 611 6616 (1066.

Βίί bewustzist'n 116 661· πνεύματα 1110611 61166616 661 661· ἄγγελοι, 6611 66661·
116111166161111 6116 6611 (161, 1161111611( τ1116 111 611 leven 1161111611. 13611116616136 hebben
16, „van zichzelf afweten'⁷; 11116166, dat 111611 66 hoe 111611 11661661. Nu 1(66 (161
11611116616116 1161-6611616666 1101111611 6666616611, 616 6111666611 11611 6611 10661666,
11166116 We verkeeren.

’1 16 666616 16 6611 (1061(61· 6611 111 6611 116111 11611166. 111 6611 60116616 6611161·
10611 1161161 1161 af 11611 0116 166111616106611 6116611. 0116 bewustzijn 111 611 1611611
11110161 6611661 6611011116 6001 66 11116616616166 11611 116166611 061 0116 116611 16611
66 11661661. Η61 6611661666 11611 6611 kind 1(01111 op door 66 1666616 6111161666,
6001· 1161 1661116111106611, 6001· 1161 11061611 van 66 160666160161. Η61 0111111111(1(611
61611 6611661 11611 (16 61111116116166 11161616 611 611 6661116 66161 11]·61 1161 616661·
beses van zijn 61666 11661666 op.

066 116111166161311 1661 666 001( 1113116 611616116116 op 66 11116616661166 661 uit-
1111666166 61116611, 1166 01166 6116111366 01116611166; 611 1111666661· 0116 116111111616611
616661· 66617 1111666661 11116 1666666161116116 1116116666 111 1161 11006616, 111 (106 --
(1611 11110161 1161 6666161116, 111661 (1611 001( 1666661116161066 61166 6111111666166
11611116616131161101111 (1661166611 611 6661; 6661 16 66611 (106. 17666661· (16 66116616
611116 1666611611 Β6110116116616 611 8661611616161161116, 1666611611 661601 611 06661001.
Βο611 66 6616661 1161 001( 11666611, 661, 1111661 0116 116111166161111 vorm 06116661 6611 66
61111116116166 (11116611, (161 616 61111116116166 11611116611161661101111 1116611611 bij 6611 6006,
(1661 bij 666 6006 6116 6111161661] 101 1111661116111166 6161 61111116116166 6166611 111166-
11611611; 1661( 611 66616111 66 6611001· 611 6111661( 66 166111616106611, 61166 16
(166 111166.

Μ661· - 61 1(0611 666 666616 1061111661611116110116 111 (16 616616 66 (1666 16 066
vollcomen onbekend. Lazarus zelfs kon 0116 66611166 61616 1161-161166. Ὓ666661, 661
11116 61· 61661116 eene anamma 11001· hebben. In 666 61663). Wat gebeurt 61 111
666 61666.) Dat 111661 1116111666. 111661· We] 11116166 we, 661 16 0116 „naclctbozmcst-
zffjffl 601116 1161-1666116666 111611116611 611 1161 6611110116 1611611 van personen,
schrikbeeldon (161· 6666611166 666. Α11006 11016166, 6611 6666 661666116 11161616
06116666. Β11 100111, 661 61· 111 661 1161116616116 van ’6 11661116 66116 11611111161166
666611 611 1161 66166666 1611611 (166 (16666. Μ661· 11611 1161 61001616 (1661 16611166

