75
college-dictam} van een der studenten (Dogmatiek).

Onze 1666111717001·(1166 1116ᾱ160116 117616116611611 2011 111116 11711161611 11100661611, 616
26 17611 11661· hoogmoedig 1111110601111661·611 61(161611(1, 60116 1176161116Χ116ᾶ1116 0166-
1116661·(16 0111 111 6116 1611(1611 bij alle volkeren en 11611611 116111116 16 nemen 17611
(16 61111111160116 66116661111(1(161611, (116 61 166611 (16 17616011111611(16 216111611 worden
aangewend.

Zoo 1161717661·(16 Mr. Kafff, (161 1111, 10611 hij een 1616 (1001· (16 116661616111111611
17611 811111161116 111611611 2011, 21011 66161 (1001 6611 116661·ᾶο11161· 116(1 161611 1116111611
0111 21011 16 17111171761611 166611 1161 611 17611 6161166111161611. Ζο11 211111 6611 (1011161
11161· 17001· 6111 examen (1111111611, 10011 1717611116 1161 1111(1(161 11161 goede 6617016611,
1161166611 0011 (16 Μο1617160116 2611(1611116611 1061766116611. Ζ111116 61111111160116 1111(1(161611
17111111 111611 0176161. Ζ6 1061761161] 111 21011 6611 11111611 60116117611(11·611600111111111116,
(116 (1001· 01126 1116(1101 111661· 61 16 2661 176101160111266111ᾶ 11701111.

Η61 6611111111 17611 11101111611 16 617611 6111111116011. 170011161 men er 6611111111 17611
11166111, 6661 111611 1161 17176161· 11161 66161 011611116011 61161176661·611; 111661· 6611161111
1161, 200616 1161 16, 611 111611 werdt 106161.

Ean 6611661 ander 96961677 100111 21011 in den bl'z'slcsemaslezssder. Deze 161001111161
111661· 1061761116 1111661701111611, 111661· 161166170166 (1661·17611, (161 111611 66161 (1611
661116111111116 17611 (16 1717611611 17611 1161 61661 11161 (16 616011160116 171761111116611 17611
(1611 10111166111 171766 1166666611. Ζο0 16 6611 100011101161 11161 11166111111066661111111611
111 6111661 66261, 111661· 16 (1001 66116 ὐοῖ96716 (16 766111ίαί677 ‹leo- wetenschap 1761-
11166611 16011111611 211111 6611 machine 11116617011(1611. Ε611 1166111160111116 heeft 111611
11161 66116 011 6611 606(1611 (166 116111 611 111661 111 (1611 11οᾶ6111 der 661116 0111(16111,
111661· 160111116011 161166170166 17611 (16 166111161611 17611 1717616116011611.

Koch 111 Β6111111, heeft eene 11061116 66016611 (111 6176166111 106 16 11666611 011
(16 1116(116, 0111 111111. 170166116 171616116011611116111116 6666176116 6611 antidotum 166611
(16 1611116 666111 16 61611611. Η61 171766 11161 1616, (161 hij 1061761116 17011(1, 1116611111
1066111(1661·(16 1161 1161611161 17611 (16 1611116 0111 200 (1001· 1717616116011611116111116 61111116
6611 111-1161161661 16 1761111116611, 171761 170166116 116111 61111(10116011 17176111611 2011. Ge-
17016 171766 6011161 101616 1616111616111116. 17616611111611 17176 11161·1116(16 (16111111116, (1611
6617061611 17176 1161 011(161·601161(1 11166011611 6111111116 611 117616116011611. Geen 6111161
geleerde 116611 1106 0011 11111111611 2666611, 17176610111 (16 111111116 op de 1100116 2111116
171761111116 heeft.

Empirie 677 wetensclzap, oola antithetisch 6796710767· 6166711167· stacmd, ῑ7ἶ9967ῑ op
’t terrem der Gratia Communis. Gelukt ’1 1116116111111, 116166611 11161 01111106611111
16, (161 1161 6111(1611111 6611 (1611 mensch gegeven werde, om 166611 6611 11611661ε16
2161116 6611 111661161661 16 1171611611, (1611 261 0011 (111 6611 (166(1 17611 Gratia Com-
munis 21111, 1176111 1161 16 Geel (16 Η661·6, (116 (16 6666176116 (1661·17001· 6011611111.

Al 16 1111 1161 66116 611 1161 andere 171761111116 17611 (116116 (3011111611116611110111611
26 1111 1161 0061111111 17611 (11611660111111111116 1166011011171711-101 11011160111, 10011 1761100-

