62
college-diotaat van oen der 5100001011 (Dogmatiek).

De 1101110001100 0012001( 00201· 1110011170 opime 1101 101101ι Pcmthe‘i'sme, 001 0010005
0011 51011110 1700 1101 1110005 0000001, (101 0010100111Κο 0111111711(Κο1100 11111011
1101-00115 1001001 (10 1111111001010 1011νο110110 11011 (10 (1000 (1005 0111 01100115 1015
1110111175 10 11011001011 of 101 510110 10 1110110011. 001( (10 2000111Κο ontwikkeling
van (1011 1110115011 110011 1101 011110 015 0011 10111101· 170011001000 1110005 110010051010,
200001 11011 011 11001110151150110 5100011001 011 (10 110501100111100 11101 0110015 1(00
21111 (1011 0020, (101 0100501100, (110 0001110000 111111 1017011 011 0011 1000 0005101111(
5100011001 51000, 110 hun 0000 17011 11011011000 0111(110101011 101 1100001 11011 17011
0005101111( 1011011. Βο011 0100 1110051 1100 1701001, 20115 0011101· Romo 10100.
1111111015 1101 Ρο11111015010, 001111( 1101 111 Dav-wia 011110001, 110111101011501010
000015011010 11155011011 (10 51100105 011. 13020 10011 2110 01015 000015 (1011 1701501111-
101100 011111111(1(01111051701’111011 11011 τὸ ὄν; 01 15 51001115 0011 0100110010 01110101011110,
000 011111001150000(10 011111111(1(011110 1100 111001 101 (1101, van (1101· 101 mensch.
’1 11102011 (101 201100 1110051 (1105 001000110110 011 (10 20000 0110011 011001701 015
0011 1000 0111111711(1(0111105100510110. En 11101 0110011 011 (10 201100, (10011 001( 011 1101
000000101700 1110051 0020 0110111110-1001 1000011051. Το5501100 00100111000 011 01100-
1001110011 11051000 00011 111102001111( 000015011010, (10011 51001115 0011 01000001 1101·-
501111. 00001001110 15 0100111111( 001111( 0011; 1100 11101 001001110. Op 0011 00001700
moment 11011 011111*11(1(01100 200 1101 001001 11701 0111101100. En 1110010110000101
5011000 1101’011(1, 100051 1101 11001· 00120110011 11701 1701501101700 101 110 (1011 0000 011
200 1(1170111 111011 101 (10 101010 51011100; (le 1111001111·ϋοΖο 1)(7Ζεθσνί119 leem 0011110921·οἰ
placas hebben. wa (len dood.

Dit 111110 500100 11101 00 11001110151150110 1001 11011 00 ἀποκατάστασις τῶν πάντων.
1170011001 111011 0011111001 111 1101 11000510 0110011 2101 0011 101 ontwikkeling 001(0-

111011 1000510, (1011 moet 11100 11101 101 (10 0011010510 Romen, 001 01 11701 10011 101 ·

1101 001001 011 101 00 17011(011100 2011011010 1(0111011 moes. 1111111015 (10 11000510, (10
1110051 00000111Κο 1101-50011 15 2011( 000, 010 11001 1101 001001 0111111711(1(010 15.
Βο01100, 11100100 (1115 01 (10 10001 51000000 10 0111111111(1(01100 001( 1(01000. En 015
men 1111 2101, 1100 1110101000 0011 0020 21100 van 1101 01οΐ 101 11010010011(00100;
(101 01 51001115, 5101 5 ⁰s'0 in 1101(0010011 10051000 Ὶ51011100, (1011 111001 men 01· 11701
100 1(0111011 om (10 1101(001100 001· 0110111111110000 95 ⁰s‘0 110 0011 (1000 10 51011011.
Do oigonlijke, 010010 00111711(1(011110 111705 (105 11101111000 110 0011 (1000170111100151
011 01 (10 01101100 van 1101 1100011001 117001 11111110000110010. ,10 01001 000; 111001,
101-111111 Rome 201; 01010000 1(01111 111 1101 1100011001 0011 (10 0000011100, (10 10000 (101·
1(011(, 0110011 01110111 211 0101 0011000 5011011105 1101111011 -ή 1001011 (1020 Υο1111111101105
1110010000 (100101110000, 001 0110 0100501100, (105 001( (10 1101000011, (10 300011 0112.
in 1101 1100011001· 1(0111011, 111 00110 1111050 00101(00, 11100110 211 011011, (10 000 na
(1011 ander, 101 1101 0000010011 Van (1011 Clu-istus 21111011 Romen. Vooral 001·ΐο]
(111 Gz'iaelm· 11‹=bl›(=n dvzv ‹1011k1›‹·‹=]‹h=11 ontwikkold on 1101111011 21011, als Vormitt-

 

