43
college-dictam] 11611 6611 661· studenten (Dogmatiek).

’,ἹΨ 1(611 bij 662611 6611166666 66611 2111 1161111611, 616 111111 het spiritualistisch

opvatten. 1161 116611 6116611 1161661(61116 bij (1611 1116166166116, (116 111666611 611 666611
mist 611 1111 111 66 61161111161116 16611, dat, 616 (166 61161 116111 61161661, 111] 1111661
„van uit 21111 111666611” 6. 1. 111613 111666611 1)61(166(1611 111613 211116 669611 (166 21611261.
Β611161) 11111161 661( het 111661116116 my 61· 16 66611 sps-ake 11611 6611 6666161111(

21611) spiritualiter, 1116612661 6166116611, 4,,11111116 666611 21111611 116111 21611 ⁷⁷ , 16661 (1116.
ἻΞἹΝἯ 611 1(611 6611611161] 61 111 166611616111116 11161 „ani” 611 (1611 1116613611

61· 611661· 1111616611 1161616611 »211116 166611616116616, 211116 11116116611”; {if in 1161116116
met '7 611 (1611 11111 1161 2666611; „ik 261 6166 21611 bij 11111 61661166, 6611 1111111

kant 611 niet 616 1611111116, (116 11111 11166111(1 16.” Dit 1661616 16 111661661111111111(,
66111 ’Ἶγῖ 111 1161 6111(6111611(1 61661 611 ,,1111611(1611” 111661116116 16 611 1161161161611, 1111111

’ 6626 16611 1116611111( 616 116111 11166111(1 2111166 1(111111611 11161661] 116661161111116. &la-at
1161 op G0d‚ (1611 1161166611 1161 16661111( (161 '⁸¹2 611 11111 (1116 2666611, dat God
21611 111611 6611 116111 11166111(1 261 116116611, 111661· 116111 116166111111611 261 616 6611
1661161166 ten 61111616 11611 116111.

,,Μ11116 11161611 vei-langen 2661 111 1111111611 6(’11661”; 1111 11616661116111161111116611,
van 1161111111166 11661· dat oogenblik.

Β626 16166136 16 61266 van groot 6611116111 6111 (16 111116611111121116, 616 211 6116
66611 6611666666 (16 Ouci-Testamentische. 61161111611116· 61161· (16 Ε661161616616, 611
661( 11661 (16 01161111611116· 2611 616 2666111116.

Ε1· 16 6611161111( 66116 mechanische 6611-6111116 11611 (16 01161111611116, (116 116111661-
61611, 61661 6611 1116116611 266 1116111· 6611 6666661161) 11611 (166 6111111116, 2611661· 16
1·61(611611 met 66 61116136116161166611, 111661611661· (16 1116116611 26 6111116661. Dat 2611
niet 11661 21111. Mam 61· 16 661( 66116 619611166116 116661161111111116, (116 op (16 66666116
(161 Openbaring Wijst 611 6611166111, 1166 (16 Openbaring 616 1161 1111616 66116616
16 111 1161 11162611 11611 (1611 1116116611, 1166 61· 1116611 61161· 116111 16 6611166111, 1166 6116
66161 (1611 1116116611 (16 6661361611616 16 111666611611611, (116 116111 11111 611 61113116111(61111(
11166166 11661· (16 01161111611116. Hei: 661661 6611 (16 611616116111161616, 6611 (161116661-
6116161161116 666 1666661166, dat Wij in (1626 11161·1(11116616166 1616616 uit het boel<
Job 111116611, 11116161 11161· 6116666161 uit 1161 (11611616 1116611 611 (16 61661616 61161166,
uit 1161 hart 11611 (1611 111611, (116 661111616611 16 616 6611 1111(

In Cap. 20 21611 11116, 6613 Ζ6161· 111 211116 16111161( 16166 6611116166 2611661·
6611166 116111116116611116, 61661 Job 61116661166611 2611 662666 1161111611, 661111661111.
Η11 vindi 61· 111616 111, (161 116111 11166111(1 16, 111661 2661 6116611, (161 dit 11661· 6611
666261166 66161 611 111613 11661 6611 26116661· 1116 Job 16. ,1611 111661 (1116 2611 1116111·
16621611, 61 1111 61 (1661 6611 heeft. De 01161111611116, 6611 ,1611 666(·.116111((111,11166166
61266 op (1611 kring· 2111161· 11116116611 66611 1116611166 111(11111(1(611; 661( (1661· 11166

