65
college-dictant van een der studenton (Dogmatiek).

⁷ Verdeel ilc 7777 1761 leven van een 777077 van 60 jaar 177 17066 (16796179176 7771703677,
(1077 167799 ik eene phase van 4 kinderjaren en 06 0770676 7το77 56 9007. 8777017 ik
777(- in eene bioyraphie van dien 777077 0116677 over die 667316 phase] 0077 6077 116
96677 0796077067 best en vollediy 01097001 67977. Van Abraham 7777 hebben 706 in 06
80177111 6677 17071 66717001 over de 667316 phase 067 130 9007, 777007 7007 1761 07677196
777613. En 600013 1761 77761 Abraham 13, 31001 1761 0077 0017 77761 0116 777677301767717177-
deren. Eva 73 0077 7777 76603 7771777 5000 9007 0770 ! Dtt 700701 7709 67967, 013 706
06067716677, 001 1779770 06 176111 067 menschen 706931670677 77007· hun 06706 1606039007,
0773 77011 hun 96176616 leven 1779770 07111677 0666 00706.

Nu 7061677 7079 0777176771 06 01779677 7077 06 07·6767906 063 97013 771613, 1677679016677
mensch 70770007 1761 0773 7776606611, 01 God. De Heere 7777 96611 0773 66776 open-
0077779, 70007177 06 01779677 0077 96776 67906 063 97013 6677 10777617917 970016. 7710013
177776777677. 0001 1761 7777 0077, 001 de 80177111, 001 «166773 677 06 0903161677 07767 01(
7067610 0077 96776 67906 ‘can 1761 9701, over verrewey het 97001316 0661 7077 ’3 777677-
3017677 007767977 777613 7767777610677.9

Ι)7”1 argumentum 6 silentio 1767777931 7061 771613, 777007 6691 77661. Er 0179171 10017
77007 0773 76603 uit, 001 ἱ166773 677 06 07703161677 77077 677117 66776 7067610, 96677 1736777713
07069677.

b. Τ1760109677, die 7709 uit de Schrift 70711677 079777776771667677, 013 06 7677771111777793-
11760109677 6699677 16 00677, hebben 7061 069617917 0677 79110171 0777 177777776 77007316111779
7703171161 16 0670796677. Ze 77709677 001 600 777007 niet 61017 000731611677. Ze hebben 1761
17670793 16 167767677; 7613, wat 96677 77077 17677 770017 0071 (1660, 770017 777777767 17077 00677.

c. Eindelfflc: de Heiliye Schrift levert 0773 0777176771 1761 leven 0077 06 andere 67906

063 97013 66776 766173 van 77007316111779677, die 9617661 17077776 6007316111779 7701170777677
weerspreekt 677 (7030177771 7711317771.

13771703 16. De yel'fflcenis van den 77916677 777077 677 Lazarus.

Ζ79 is van veel 967010171, 0777001 «166773 hier 9617661 7779 is 177 679776 7007316111779. Ν77
11077 7061 niet elke 1761( van eene 961791767773 07767960700171, 777007 613017 7077 6116 06610
7’3 10017, 001 1761 77007 7000717610 679, 77007 6677 1611617917 063100770677 106310770. De
3017006779 777061 0771166770 67977 0077 06 76671661791717670, 06 166176771779 777061 777131 affin
(01. 9617917677133677 013 van den 600767, 06 0777171011, 06 77130177077931, 70007 01163 700701
96166166770, 600013 1761 706717617917, 76661 10691779.)

Hier 7777 is 06 3017006779 0771166770 06613 0077 1761 leven 0077 0666 67906 7077. 1761
9701, 06613 0077 001 0077 96776 67906 677 06106 166176777779677 777061677 76661 67977, 1760771-
700070677 0077 06 760111671. Ζο0 6077 b. v. 1761 61677 7077 06 177771777613, die 7077 de
10161 77161677, 1779 0773 96677 760111671 67977. Doch 777 1761 0031677 7061, 0007· 01 777677
0077 6677 open 10161, 677 0077 001 00316730176 9617777117 is 011 06610 0771166770. m
Η61 1706606 1017661, 06 166176777779 77077 1761 leven 770 0677 (1000, 777061 0773 0017·
76661 67977. Vs. 23 96611 0677 076790779 1033017677 06106 1017661677 ,· 773. 22 7776101 0773

5

