86
0011666-6101661, van een der studenten (Dogmatiek).

136 106150116 1761111611 waren 6011161· 1106 11161 17016061166. Μ611 661706166
0οκ (16 1161106116 6611 1111160111 17611 1661. 136 1661 boch was 1161 6161116111, 117661·-
111666 6651166611 1110651. 136610111 171765 1161 1100616 1166116116061611611. Η61 1117176111
6611 op 1161 1116651615011611 01761· 11661· 111 1761·1·1]1(1116 17611 6611 17170016611501161 611
66061611611616 111 1161 001151111661611. 13626 0616111116 61116 1761662616 (1001· 66116
1116666 1111611151150116 5111616. ΑΙ 510116611 (1626 106150116 ontvvikkeling 111 611661611
2111 611 Ζί1191115ίιῗ50110 οηίῖυῖῖῶεοίἱηῃ 0015111011116111κ op 166611 17061 (Os. (16 „Rede-
kaveling 17611 (16 11011611650116 5ρ1·66.κΚ111151” 1111 66 16Ο 6611117, 1717661101] 1161 0115
1761116651, 661 21111(6 1666611661 6001· menschen 66170616 15), 10011 60611 26 0115
21611 1106 (16 11661665 011151110116611 21311, 11Ὶ 6611111 (16 610016 5110011115 17001166κΟ111611
611 1106 01661115011 61165 1111 (1611 511116 17611 1161 1617611 15 6660111611.

3⁰. In 66 (161·(16 1116615 0111510116 (16 1061106116 0111 21011 16 1761·1·1]κ611 11161 66
sympathie 17611 anderen. 111 6611 (1151111111 1117. 15 1161 17001· 1611716116 11161 011661166-
1166111, 615 6611 611661· 1161 11161 116111 66115 15. 1361 66611 5161·κ1116; 111611 116611
6611 1101166611001 6617011666. Α116611 16 516611 66611 6611 6617061 17611 176116161111616.
(3617016 17611 1161 5161κ6116 6617061 17611 55711111611116 15 1161 1666916666 661· Letter-
kunde. Wa‘u 15 1161, 615 17176 136 (10516, (110611 611 Enderdijk 011661611ῗ) 1311, (161
hun 106156116 11111116 1106 661117176216 15 611 (161 1161 0115 11161116 66116061, 11611 615
1101166611001611 111 0112611 511116 16 1161110611; 16 111661· 1106, (1661 21] 111 2111116 κ6111166
1661 111111 6666011166 11661· 11611611 117151611 16 111-6116611. Zoo 15 1161 111 666601116
houden 17611 17612611 1111 Homerus, Euripides 611 17611 (16 1611611111166 11161 uit
66161611616 of kulffitgffllot, 111661· uit (16 1161106116 6611 11011666110015011611 6611016111,

13661111]Ι 1(01111 1106, (161, 615 111611 111 511116661171κκ61611701·61, 111611 11761616
1116116, (161 1161 11101 (16 661516 11661· 15, dat 616 511116 66170616 1170161, 111661· (161
hij 16665 17611 17106601· 15. Ε611 pas getrouwde vrouw, (116 1161 11161 11661· 111616
16 κ117666 1111361, 1ςο1111 11761616 101 1161 1666, (16111106661- 2111115 001( 611166
011661170116611. Op (1626 17171126 15 (16 116111115 17611 (16 111510110 111 (16 11761616 66Κο-
111611, 611 komel] we 101 1161 historisclz bem-172), 1700161 op 1161 1116666 1611611117611
1161 1111117611616 1617611. Ζο0 6661 111611 66151 (161111611ῑ „ik 11611 6611 176111111311 665160111
611 111 1111111 6651110111 15 (116 511116 16665 6617061117, 200661 (16 6611661611117176116166
51100111 17611 1161 1161111111111( 1617611 661· 1116115011611 511116 170611. Dan 6661 111611
611 1160001566. 136161· (1611 166611117001·(116 266 111611 17106661· (16 1170151611116111.
111-06661· 11765 61· 66611 51116κ6 17611 kunst 611 5001616 011117171κκ611116, 11766111] 10011
11161 1161 (111]1761166 17611 66 66501116661115 111211.

40. Waar 1111 161165 (161126116611 11766 11161 6116611 106106, rhetorica, 611 616160·
1106; 1111611151161( 611 161101·κ’1111(16, 111661· 001( 1161 6111150116 17616 (161· hist-orie 0111-
510116, 15 1611 510116 117661· op 6611 611661· 17616 1161 1)66κ]6 011151110116611, 1176611111
(16 philo-sophie goboren 15. Ε1· 11765 176161161 511116 van 1761611616616. Men begon
16 011166161611, 661 1761501111161166 1161-5011611 1161 01761· 1761501111161166 onderwerpen

