5
Collega-dictasti: van 6611 der studentem (Dogmatiek).

6651610. Β55100] 15 550 1161 110010 1750 (162611 10605 0626 661516 1151561551
Α 66661760 010 5511 16 001060, 1717611(6 1115515 (1626106051011610165015106 (161·

13061051161( 10066101.

1)11 15 000016, 10 0111051 17176 1006160 1176160 1106 (1626 10516116 11] 016501561160
551116011506 11161 06 500616 066160 061· 13061051161( 51551, 20 001051 0026 116516
Dogmatici 61· 006 51 2000611106 11166 hebben omgosprongen 611 1161 0161 11551·
615611 hebben 1160500610.

Β11 10061 6611161· niet opgeva‘c 515 6611 5501056111 16660 (16 0006 13060151161.
13110660 17176 1061] (116061 (1001, 050 0010166161 1161 111 06 (156611 (161 116101015116
550 0165015611 (1001·(1110660 (161 5101. De 160611 (1551175015 01611006161111( 16
615560. Μ60 1150 (16 Α115101616156116 01]1171711(1(61106 in (16 philosophie paraliel
15160 10011611 1061 (16 1116010616 515 1171766 56051516 6160160160. Μ611 (1660 5511
116106. In 06 philosophie 1175511161] 6611761](11051]1]6](6 17001 01501161(6 1161 0165111561]
56116105 1750 Aristoteles 16 1701660, 16111713] 11161] 10 (16 ’1106010616 1161 56116015
formed 11161 10661 1161 0001117611(60, 1111111615 (16 scholastici 1150060 1161 1551516
dogmatismo schema 66661760.

De scholastici 1175161] (10001111611501. 1311110006 dogmatismo
1161150061106 5161060 21] 17156611, (116 op 661] 261(61·6 (10565116 5106660, 1).17. op (16
1)1·166601]61(1 (0000110615), 651760 (155101) 661] 5011170010, 116160 (155101) 1717661·
0606οΚ10660 16660 051 5011170010 17016611, 0111 161] 510116 1717661 6611 1611115116
1750 016 116(161]1(111660 16 6617611, 611 (111 51165 6656106006 1106111616605 200
0165015611 515 in 00260 (1516(-11150105,

Ζο11( 660 1161150061106 (161· quodlibeta 65110611 0511 10 (16 Smnmae Τ1160106156,
661111( 17176 016 17100611 bij Petrus Lombarduffi Thomas Aquilia& Dun scotus 6. 5.
Ε60 0165111561] in 611(51](161 6626116 Βο611151161( 11651000 (105 11161.

Dat Calvijn 0161 2110 Institutio wliyz‘om‘s Clu-ztstztanae 20017661 506665 1150 515
110011 16 170160, 15 (150 001( (15515511 16 (1501(611, (151 hij (16 661516 006106
6617175560 116611 6611 16106006 660561116 11] (16 13061051161( 111 16 11160660, 51 15
(1511 001( 1161 0165015611 5175166111 bij CalviJn 006 0161 17011(01]]6]].

Do 610016 56116 16661] Romo liop 6611506615 1751]1101050151156116, 6611506615
1750 1060106156116 21306. De 1100150151156116 1161111116 651 0161, 11751 1060 200
176117175611160. Ν161 (16 110015015160, 111551· (16 1116010660 hebben op 1100651 6610161(-
1(166 Wijze 51111505, 1161 0111105001115611 0601(61] in stand 6611000611.

Nu komen 17176 5511 (1611 10605 06 Μ561511510.

Wat 15 0601510116 17511 (1161110605ῗ)

De 0101516060 21111 10 1100 661516 periodo 0066116061] in 06 11761610 2011061· 16
0601(61] 551] 6611 1661 over 060 magistram of 550 660 51751660] 01761 (16 potestas
civilis. 1161 was 11011 51661115 61· 010 16 00611 om 17001 1100 1(61·1( 6611 261(616
positio 16 11710060, om 200 001( 17001 216112611 (116 positio 10 06 1717616161 16

