135
0011555-5101551 van een der studenten (Dogmatiek).

1351 11110015 ,,1105 5511111551” 1151555551, (151 51 111 (15 κινητά 55115 55111110155111155
011111151(551 251 915515 5113115111, 200551 25 0111251 21111511 111015511.

135 2111 15 5525; gij, 11151515 2151 5551 515 115515 10515511, 5115115511, 255511 5112.
11001 11551 511 251(51· 5511 511 551 1551115, 55355555 1(115551(5 11511 Christus 515
1515, (151 200 1100111135551 511 511’51(5 11151 111551 21311 251. 1315 ](151115 1(51·1( 11511
(3111151115 15115501111(1 513 011551· 55 1)511115551131(5 (11115511 511 551 firm-ament 5112.
011551· (15 011105111155511ῙΚ5. Welnu, 513 2151 5511 111151 11001· 005511 15 511 55510111
5155 11115. Η51 15 311151 0111551(5515. Wat 513 11001· 11551 55112151, 15 3111511151
κινητόν 511 1151 Ε1151155115 511 55 1(51·1( 11511 (3111151115, 515 513 515 1100111135551155
115501101111111, 21311 311151 ἀκινητόν. En 311151 1151 511155 11511 (115 5011131111551· 1015115515
51115511 251 111051511 51151(1(511 0111 5511 1151 1(0111111(1·131( (1055 21311 115511511515 511
21311 5511111115511 511111 15 5511511.

Openb. 6. Bi] 5511 55151511 5011551-5155 1111015511 55 551515 1551155511, (115 011551·
55 551515 11151 25551511 555101511 155511, 111551515 511 5511551(0115155 5001· 11151·
mannen 15 pam-d. 1351 15 5511 55111111001 11511 111501115111(150111. 1315 11551551]
hebben 01155150115155115 1(15111·511 11551· 5515115 11511 (15 2551(, 515 25 551111110115011
1100151511511, 011515511Κο1115115 (1511 5515 (151· 11515511151155 1(1·50111511, (115 over (15
55155 21111511 55511 (115. 8); 11011551511005, pestilentie, 001105 511 11111·551·1(1·135. „En
hun 1111515 11150111 555511511 0111 15 5005511.”

In VS. 12—17 1013 55 0115111115 11511 1151 25555 25551 55511 (115 1111011(151·1551(511511
5511 50111555 1151551. ,,Ε1· 1111515 55115 510015 5515115111115 511 (15 2011 1111515 21111511
515 5511 1151511 251( 511 55 1115511 111515 515 101055”. 135 κίνησις τοῦ οὐρανοῦ καὶ
τῆς γῆς 1(01111. 651131( 2011 511 1115511 511 51511511 10511 (15 10551115 1(1·55511 0111
101 110111 15 21311, 200 1111015511 25 11151 1111 101 511151511115 511 101 1151-1110551155.
Er 15 5511 1591558115 ran (1511 prome-§3213 m creatione. Wat 10511 ’115515115
55111551(1, 11110151 1111 1151 55151 gem-offen. 135 1115115011 11110151 1151 55151 55515555.
Η51 15 511511515 11151 5511 111115, 551 55151 11110151 551101111115 511 15151 5155111οΚ511.
135 5101111501 1551 1151 01111“51(1(511 11511 55 fund-amentem 1111; (115 11110155111151 55151
551555 511 55151 1511 510115 11110151 (15 551151 55115511150111. Μ551· bij 55 5151551(
0551111 111511 11151 (1511 551151 01111151· 15 1151511 511 (1511 1)1·551(1 111511 51111551110011
101 (15 151155155111511 105.

,,]35 2011 1111515 21111511 515 5511 1151-511 251(”, 551551105111151111111131(111511511511131(
15 1111015511 1151515511, 111551· (115111 0111 5511 11151111( 5511 15 5511511, 515 51155 op
0115 251 11151(511.

Openb. 8 : 5 v.v. 135 111011551·1551(511511 van (15 11115555 11511055.

135 515115 (1155511 11151 5115 1151251155 1(51·51(151·, 111151 1151 (1115111115115115 11511511,
111551· 111151 111151 1151 (11151115115115 55115551. ’

We] treffen 25 001( 11151· 1111551 (15 acarde.

Van 51155 11515551 „het <ieme deest 551 1)51551(5111 11151 11150155 113. 1351 15

