19
college-dictam: van 6611 der studentem (Dogmatiek).

De Rationalisten 106666 6626 6171766116 2661· -6611161(1(611]1( op door 16 2666611, dat
0111161116 611 66 2116611 21011 1161111611 17616161. Doch voor 0116, 616 6610017611 6611
66 (30611616 van Christus 611 6611 66 11116111111111611 (161 6110616166, 16 21111( 6611
01111116 61061116. Men 116611 66610111 611006 66110066 (16 116606166 1116616611 200
16 6Χ66611666166, 661 616 Δ111161111(1(1116611 6166111111( 1616 666616 2011666 116166-
](66611, 6611 61 klaarblijkelijk 610116. Doch 66616001 werd 11161116116 0176116166
611 16176116 (16 1(61·1( 116161 66 Ε661161010616 16 116116666166 611 16 1161116611 111 01761-
66661611116166 11161 66 6111(1611]”1(6 1111611161(611 van 0111161116 611 211116 61106161611;
1611717111 66 1711611666 661· 6066611116 0116111161166 206661 6661666 1106111611611661-
61666 1666661666 1(0116611 1166161166 101 66 16111111111611 (161 6110616166.

Wij 11106166 666 6626 1671766116 6066 011661· 66 006611 21611 611 (1611 1⁰. 1611611
011, 1161 1611, 661 66 1161011616 in 66 Η611166 86111111 6661616 670161 op 666 (llos
imma, met ‘incommDe Heere Jezus 611161( 21611 (166101761 6111661111( 1111 b. V. 111
Μ610. 18 ; 32, 33; Aeta 1 ; 7; Μ61111. 24 ς 36 v.v. (Deze 661111611116 van Νο6611
1161661(6111 (111; 66 61611166 van 6611 1166761111( 116611 6116611 1116616111 66 1761676611-
1166 van 66116 1066011161. 011 6611 666 van (1611 2066171066 2611 1161717666 2111106,
17161666 26 1106 1)1·611011; 666 10611 26116 ν611110666611 26 1106 111 1161 1111116111161,
661 66 2066171066 60166666 was.) Hierbij 1161100166 1761661 17616 6611]1(61116666,
616 van (16 17171126 611 61711626 1116666611, 1717661 6617176266 17170161 011 1161 111016611666
Van Christus' ν176(1611(06161, ,,616 6611 dies 111 (1611 1166111.” Ι)6 616117611161612116
1(011161 expres. Dat 16 1161 6762611 van (1611 κλεπτήςς 1161 0111761117661116 6011166
(166 1166166 6666111661 6116 6Χ1)1·66, 116611 6611 11660611116. Dat 6611 dies 061761-
wacht 1(01111, 111661(1, 661 men 16661611 617066 21111 111116 611111 611 6116111666617001-
20166616611666166 11661111. 0111161116 1(0611 616 6611 6161 111 (1611 666111, 011661 Wij
611611 666 66261166 1116611666166 20116611 116111611, 616 6711· 116111611 20116611, 11161611
Wij 6611 666 211661 1(01661 6716166. ’

Η16116666ον61 61661 6611 666616 1661(6 6666176116, 1176616001 111611 011 1161
(167661611001 16 661616. Ε666121166 10011 17170161 662666, (161 (116 (166 061161(66616,
111661 6611 6611 611661611 1(6111 1717016611 61 1661161166 661166661766, 616 6611 (16 1(011161
666 11661611 2111166 17001616666; 200661 111611 6611 11161111( 0611761161, 61601
11166, 1111 616 16666666 17176166 1(66, 1717666661 616 1(01661 2116 261. 111616001
17611616 17611166166 66 0111’161611]1(6 11761616 66611116 111 (1611 17176611, 61601 66 666
van 1161 17616666 661 6761616 011 666 611 11111 1(011 worden aangegeven. Vooral
in 66 Μ166616611171766 1761666166 111611 16 616 1116661116, Ε17666666 111 1161 11116666
66 1161166161 661· 170 eeuw werden 6666116 61161161 116161(66111666 6611166161,
1717661111] 111611 6611 0116616666 (161 6761616 b. V. in 1161 1661 1656,1680,1680,1700
662. 616166. Naar 6611 1611161111( verm-eid geloof 661 ,106611 261 66 6761616 6611
sabbath hebben. Ζ6 261 666 111661 6000 1661 1(1616611 11661666 11661· 11116 van
, Ρ6. 90 : 4: „want 1000 16166 2116 111 167176 006611 616 66 666 van 61616166”,

