322
Collega-dictaat van een der studenten (Dogmatiek).

611 „wij :zcllmz eeuwefylijk (η) (Ze (carde Ζ(>ν6·11”.

’1173111 (16 110011 Gods (13311 116361 op (16 33136. Η61 011(161361161(111133611611 het
161611 111 (1611 11611161 bij God 611 1161, 1617611 op aarde 17311 11166, 0111331 116136 in
elkaar 11061611; 21]· 1111111611 11161 1311661 111766 uit, 111331 21111 6611.

1161, 161611 (161 66111112311611613 231 (1611131176 66611 361111113113113611, 111331· 6611
kosmi-&elz karakter (1136611. Dat bliJkt 001< uit:

Matth. 5 : 53 2 Ρ611. 3 2 133 Η6111. 2 : 5; Apoc. 21 ; 1. 3, 11; Apoc. 22 : 1 611 3;
611 110131 6161166113 1161631163 (1001· Μ31111. ’26 ; 23 611 (1616616116 (1113111311611.

1111 31100111 0017 6611661 11161 (16 61016116 17311 1161 Ο(1(16 Verhond, (131 16611,
(131Ἰ (16 11161136116111116 1“61·11011(11116611 611 (161(03111136116 existenti& 11761 66111631136613,
111331· 11161 1613161163 worden, 200331, 61611313 uit (16 116361111311116 173111161
1116111176 ι161112316111 in Openb. 21 11111111, (16 6161116111611 1111111611 10011116313311.
116111( 11. v. 11731 leet pla'ntewrijlc 11611611 3311 .,(16 1100111 (163 16176113, 170011111611-
gendo twaalf 171116111611, van 11133113 101 11133113 66161136 211116 11·1101116112.”
(01161111. 22 1 2); 611 1131 het clleremrfflc 33116331 3311 (16 1161161136 111016116611 17311
,163333 611 161611113, 313 0. 3.,,Ε11 (16 wolf 231 11161 1161 13111 176111661611, 611 (16
1111113311] bij (1611 6611611011 116(1611166611 6112.” (163. 12 : ὅ 611 7).

21111611 (1311 111 (131 11111 0οκ (1161611 zijn‘? Ja, 111113 (1311 66336111 111 (16 1101611-
216111116, 11331111 m] (16 116301111311116 17311 1161 1116111116 ,161112316111 het (Ielfstoffenrzjo'k
wordt 66661611, 11331· 111 1113313 1311 11161 1131131661] (16 1011331116111611 611110011611
21111 6611011113 17311 1331113, 3311161, Chalcedon, Smaragd 611 31161161 ander kostelijk
6631661116 611 1131111611.

1113311661 111611 21611 6611 31313113 (1611111 1333011611 (16 1111116116 17311 (1626 331116
611 (116 (161· 1116111176, 61611 61001 als (116 1333611611 6611170116 1031131663 611 3111116101
(1131113111, (1311 1611111161 111611 661116 11661111 1311 (16 0116133166 11611111113116, 17311
(116 δόξα (161· 1116111176 sehepping.

Denkt 111611 21011 (1312611116 proces 017616611136111 op (16 1113111611117616161, (1311
1101111 111611 101 (16 17001316111116, (131 61 66116 11661·1’1]“1(1161(1231 21]·11, (116 11761 111
(1611 grona 611 in (1611 1101161 331116111131161 111611 (16 16661111001(1166 116161(1, 111331·
(1116111316 6611016112111.

Ζο0 001( 1131 1161 (1161·6111111( 11611611.

Do 113136010616 17311 (16 20066113311136 31111-(111111133336116 (1161·6111161613 (pagi-
(1011116111 16611 0113 1111 16633 6611 011116611311611111611 0116163116 van (16 (116161166-
3136111611 1311111611. Wanneor 111611 (116 01112611611(16 (1161611 1616611111 11161 01126.
1(·661111001·(1166 (1161611, (1311 16110011611 26 11761 (3611 type, 111331111616611 61001
1761361111, 6611 (1101111611 3131311ᾶ 111 1131111613 van bewerktuiging 6112. 96111( 11 1111
(111 1761361111 1106 66113 200 61001, (1311 1311111611 116 1161 1761313311, (131 (16 type,
(116 (1011 111 1161 161611 11611, 1161 1111111, 111331· 1611132663 1101111 16111661111111.

(101( 11112611 116, 1161131170 op (16. 6630611136 1113313611 111 163333 on ι1616111161,

