11
Collega-dietam van een der 0100011100 (Dogmatiek).

111001111118 van 0011 01000 01101· 010800 1011011018 1111111 - 1(οΠ 1ηίθιῒ8001111111001·(1; door
0011 20001111( 11101101, 0001· 00 0110110881118 b. V„ 001110111101 (100 kwaden 8000 011 (1011
8000011 0100111 8001, 200001 0100011101001111100100110111011,1110011001110801101111-
0180 21111 0111000108 1111101, 1111001111 00 1101010111118 1101111011001112011110010 1101110011.
” 1111111010 001( 10 1101 Ρο01110101110, 001, 801111( we 208011, ’1011100 01101· 010800
1000110111, 10 11001 21111( 000 20001111( 01011011 1110010. Ηο1 1001 0020 0111100110 op
door zijn 0110000010110 1110000, 001 8010801111010 00110101 11001 110100111110000 100-
01011000, 1110010001 01 0110 11018000108 011 110100001108 1(00 1(0111011 011 000 11001011
11001· 1101 1(Ψο00. Op ziohzelf 80011 011 0011 001( 80011 1101-01000011 11001· 1101
100010011 11011 0011 11101010. „Die Weltgeschiohte 101 (100 1Νο1180110111” 10 (10 11011-
1110101100110 0111000108 van (1011 0011001000 00100010008. — De Ε111100110 011 Μο00100
1101111118 0001111 111101 0011 1101-80101118 0011, 10001· 80011 11000010 1110111001, 8000
11101010. Zij 001( 11011 01· 100 01101· 0111 (1011 00100010008 10 (10011 01180011 10 (10
011110 11101-10118 van Gods 801001111811010, welk& uitkomb 111 211110 1010108011 11101
00 0100001100. — Ηο1 20001111( 0101110111 110011 (1110 (111 801001 11101 10 1101 1011011
8010011011, 001( 01 110011 1101 001 8001011110.

De 810110 11011 (101 beses, 001 01· 0011 010001(0011,118111101010110010. Ηο1 11110101
8001080οῑ .

1⁰. door het sternam· 10001, (110 80110100 11110101, 010111 111008 of 1001. Ε11
011 1011, 001 01011100 10 0101 0011 1100118000 111 1101 111-0000, 111001· 1101 10 0011
1011100011, 0011 1001010 111 (10 0010100110 vam (1011111000011; 110121011 1100111101111080110
111-0000 1111181 0101001108 0111 op (1011 weg. Daarbij 1(01111, 11101 011000 00Κο1011
01011100, 111001· 80110010 11010802111000, 80110011 0011 8001001111, 20110 1101100 2101
men 01011100 00 110100111000. Β11 kweekt 1101 100001, (101 1101 200 001( 00110 11101
00 11101010 111001 8000. Men 80110011 1101, 00110 1(01111 01· 0011 01100 0011 011100;
01100 100111 af; 0111001111( 1(0011 1101 1101111011( 101 000 0080011111( 1100 0111010110.

2⁰. door een 9627er van ontecredmlzec'd met het bestaande. 011010110011110, 01100
001 000 11000 10001 0110 0011 0100010020 111010101108, 010 10011 op 111010 1111100111,
1 welke 11100 100 010110 010000 1110101 0011 10 21011. We] 11001111 010 1111010101108
101Κοηο 0000 000010 80000010 0011, 111001 111101 (110 01001110 110101, 11100110 (10
011110 011110001, 11001111 00 110010 op 0000 01101111100108 (101· 1080001011108 1011(0110
1111001 111108; 1101201100 0111000 0011(1 0110111100001111( op. Die 01111000101100 11101·-
01011118, 2001111οΙ 111 00 80001011110 010 111 (10 010110111Κο 11101010, 10 1101 1011011 011
10 00 11011101, 000111 0011 0011111, 2011001· 0011 0011 „Abschluss” 10 11100011,200001
001 01 0011 1101100010 1(0011, 1(οῃ 1101 1000001101111( 11011, 001 11001 1101-1110010 00
0111010011ῑο (101·01, 0101 1)ον1001800, De 01000011 110011 1101100110 0011 001111010, 011
10011 100101 01100 1301Κο00 11110011. Wij gevoelen 1101, 1100 0011 0001100018 1110000

10 111010 10 1110011100. 13001· 111001 000 8011001 0110010 10001000, 0001 01001 0011
011100 0011 (1020 1100001108 komen,

