216
0011666-0101661 van een 061· studentem (Dogmatiek).

0061; 110011 00κ 615 66116 1169011ἶο pura 0. i.: 51601115 66116 orbatio. 660 11](161111(

6611115, 0661· 011 16101 101 1161 1)61·11711115115011 1110065, 17016605 116117176111 06 mensch -

00sspronkelijk boos, verkOerd was in 060 2111 17611 ,,1106 11161 1161116” 60 16116-
26106111600 111661· 17611 (16 201106 61166κ1 611 21011 17611 1161 κ1717606 101 1161 60606
0111171711114611 - waarop 06 66116616 Μο061116 11160116 17611 0017060106, 0006167135
60 011117171κκ611116 15 6611001170. Ν6611, 01661· 06 201106 15 6606 actuosam 1760 1161
111 „mimas” 01116626116 „phu-3⁷⁹3 061 11161 (16261106 1060111 615 06 166115 10 „plus”
11661· 11017611 6661, 00]( 111 „animus” 11661· 11606060 6661; 11161 66116 0666110 dus,
111661· 66116 0102611106 17611 (16 11166501160611 κ160111611 111 11661 166600661. Ζο0 15
ἀπιστία 11161, ,,1106 11161 6610012 111661· „ongeloof” 0. 1. 1161 oorspronkelijk 1066
seha-pen geloofsvermogen 00166261 111 21]·11 166600661. Satan 15, 200615 hij
door God geschapen 1717610, 6611 1111061061106, 6101116016 11615000 1061 610016
11160111 611 1116011116 1616111 111 06 166115 „plns”; 01661· 0001· 060 0110010166160
01011661 17611 zijn 11762611 1176111611 nu 016 1116011160 611 1616111611 10 0106611661060
2111 11661· 06 ‚.¹mc'¹m‹3”. Leuyen 15 1161 010661166106 17611 de szfoaarheid. Daarom
0060 Satan 611 213116 11617176111611 110011 1615 600615 0611 (100 101161 011166-
1166106 0611001560. „Satan 15 (16 660 17611 (31111511161 261 11011161.

111 01611 2111 nu 116611 06 ἀνομία, 06 201106 een doaz. (1660 001111066111 0061,
111661 (16 ψεῦδορ 116611 660 ὒερααίεί 0061. En 171761 011, 0111 10 06 5011600117 06
1161111611 17611 1161 116610 061· 171766111610 16 00611 1111κ011160 611 0001· 016 1161111611 10
(1005 116110 0161151 16 (10611 010 06 1176610610 16 001160 101 616611 00117171κκ61106.

1)11 611101 111 111 (16 1111765116 061 1ῑ06(16196000110.· 17170101 (1001· 06 17176061661)001·16
06 παλαιὸς ἄνθρωπος 200 00166261, 061 hij 6611661 1761·017171]111; of 1111311016πα1αιὸς
ἄνθρωπος 0111 016051 16 00611 101 111606171761·1(1116 bij 06 116111601611106 17611 0611
καινὸς ἄνθρωπος’.)

Η61 1661516 15 117661. De 01106 1116115611 1170101 66151 111 0611 (1000 176111161160.
Die 01106 1116115611 01171061 0611 1116115011 21011 16 01761101660 17611 213116 20006 611
211116 61161106 611 15 61200 6611 111-1111461, 6611 11110061 0111 1111 16 (11·111761111661600,
11661· 06 6611606 111 06 206111761016115160 17611 0111-151115.

Εο 200 nu 001< 15 1101 111 <Ze 116111· 615 06 καινὸς ἅνθρωπος 1666001761·
(Ze werelcl 615 0611 παλαιὸς ἄνθρωπος. En 66151 1111 06 17170151611116 17611 016 106106
1170101 06 11166111 66110160 0111 (16 170111610 17611 1161 Ε1761166116111] (16 016050116113116
06111111· 660 1161 110111 16 1116116611.

Ζο0 15 0115 <lu Satan 11161 66116 offertollc'ye verschijning, 10661· 615 6611 1161·-
061·511000 111] 0611 1161061· 0111 06 50116060 16 11111611 611 200 0061106 16160111 16
111-6116611; of 200615 bij ,1011 0001· (100 0066106060 0111 111 21111 016051 ι101) 661116
17611611 611 101 610016, 5(·1111161·61106 661001511761·1(1116 16 111-6116611.

Ζο0 21611 1176 111 06 1161-1110510116, (161 1161 1611611311 610115 1066661, 06106
«1111516060 61106 11616611 0111 1161 1617611 061· 11151 606016 17100611,1116116511110611,

 

