24
College-dictaat van een der studenten (Dogmatiek).

6611661 11626 1171116111 101 6111121111 11611, 111 61111111 11011111 011 1616010916σᾶ 11661· 6611
111»1111111(1 111161 116611161111, 11611 merkel] we 011, (1111 111 1101 166116116611111 (10116 1106
61111616 (11116611 1166611 011666101611 (1611 6116611 2111161116 (161· 111111611101611611. Op (111
61611111111111 1101111 61· 1111111111 611 1116616 17001 (116116 communis, 13611 66161 11611
111611 (1611 11701161 1110011666611, 1176611111 6116 11161166116111κ6 1161611601161) 611 kunst-
op literzmsch, 11161116011, 3111611661] 611 natuurkundig 661116(1 011(1061111. Ζο0 11701111
duidexlijk5 1106 61 op (10 1717616111 1111111611 (16 11111761κο1611611 1616 2131111611, 111761 voor
God 11616116 heeft.

Om (16 61·011(166(16(·1116 17611 (16 Gratia 00111111111116 duidelijk 16 111-611611 (116111
1161 17016611116. God 11611 101 11611 001’6111·011κ611]Κ611 1116116011 662661 „ten (111191) als
94'7' (1110111111 eet, :alt φῇ (len 110011 6ϊ61·1·611” (Gen. 2 VS. 17). Γῑᾜὲξ Hm, 6611 1111(1111κ-
11116, (116 111 ’1116111111111116111 111616 miudes 661111111111 (1611 (1611 611601111611
110 0 (1. Ε1· 111766 (1116 (1001· God uitgesproken, (161 116 2011116 116 21611 2011616611611
6166116616 1161116161116 611 116111161161116 611 (161 11161 60 (116, 616 (16 1116116611 (1661·-
van 61. (1616116161 (1116 111111611 (16 (116116 (0111111111116, 166 111 (111 iudicium 1361
11116611 (111, (1111 op (1611 (166, 11766101) (16 1116116011 111 0116161111 2011 komel] 166611
(1011, onmiddellijk (1116011116 mentia 2011 1101661113612111116 6116011116 6116011116
6617016· 17611 2011116 11011 21111, 10011116 (16 611661611171161610. 136 6611611611 611661611 21111
111 111111 (11611 1166166116 historie (16610111 200 661161111161111 611 (1001 1116111616 616
Milton 611 Β11(161’(11,]’11 101 6101 17001 111111 26116611 661ἰο2611, 0111(161 111 (116 611661611-
111616111 611( (1611111166111 17611 616116 16 1111666101611. Bij 11611 16 11161 op 6611 punt
17611 616116 61116116. (1611016 was (1611 ook, (161 op 11612611116 11101116111, 616 111 (16
6116616111161616 (16 2011116 11161001), 116 2011(1166 61166161] 1761101611 61116611. Er was
bij 11611 66611 6161116 1116111116. 1161 17610611 16 61· 6611610666 611. 6166111 61166 11161
21111 mede.

Volgens 116 1161110161116 111 Gen. 2 : 17, 2011 (1116 6611 1161116116011611111·6161(1311161
(1112611116 21]·11 01161110111611, 11761 01761·κο111611 16 6611116 61166161111161·61(1,17001 2001761
zo van God afviolon, 11. W. Z. (16.1 instantane'ment (16 17011ζο111611 61161616 van
11611 (10011 2011 1161111611 (1(1016611761κ1. 136 1116116611 2011 op 66116 1111 1161 Paradijs
161· 116116 21111 6611111611, 1176111 hel (mazacam swas-t 111 21111 110116 1061661161116 lzel (10ον
mets ffyesluita (Zoorwerlfien 11111 (le enorme (lor wude. 136 2011116 11761111 (1611 (10011.
De 2011116 (1001 66611 11611111161111111 661161111111 11761111 111 66116 (1001 101 zijn τέλος.
Dat τέλος 16 (16 1161.

(111 (111 6161161111111 1111161611 wo, 0116 1116616611 0111 16 1761616611, wat Gratia
1311111111 611 (1161111 spec. is. Α611 1161116 16 1111 661116611, dat, 1111661· (16 2011(16 6611
111111· is. 1161 11161 1-611 (1001·661111116 1716111 (16 6111611111116 20111161111611111061611
1611161166. 111· 6111116 61111 111116111- 611 6111111111661111(1(161 16, (1001 (1011 6611661ν611ᾶ,
(1111 11611 (1011166116 11611 1111 verde-rs 16 161111161611 011 166611 161101111611. 1311 11701111
11]) 1111116161116111611 1111126 0116 ‹midohjk gemmam 111 1161 116111(1 11611 6611 1171111116-

