363
0011666-(1161661 van 6611 (161· studenten (Dogmatiek).

op den voorgrond 6111161 611 66 66116616 60111161( 1161166166111ἱ> Die 0012661( 16 111
66 ἓ 6661111 6611666611611, 661 11116 111 66 0116111616 611 111 66 Κ6111 16 60611 hebben
11161 111166 11166111611, (116 elle 1111 619611 1001161 0111016611, 60111161 (1111 61 1111 66116
11166111 (1611106619 16 0111 1001 (116 11066 111110111611 (16 01111611111961161110116111961116
16961611 611 ((1611 Quo, 11161611 6611 vem (116 balde machten zosumoeerend optreedt
1696110661 (16 (111(1616, (16 116613161111 161119 16 (1111196111. ,1)6611111 1111016611 6116
011661666111166611 661001611. Nu 1161616 111611 111161, 661, 616 11161· 616661οΚ611 11110161
01161 1111166 11166111611, 2011661· 661 61· 6611 11006616 11166111 66111116216 16 0111 11001
(116 1111166 1116611166 (16 011661111166 11611101161116611 16 16661611, 11161 6626 1661616
1110016611 6116611 10660616 11110161, 661 21111( 6611 11006616 11166111 111161 661111116216 16
111 (1611166116,11161166116119166 1101111611, 11116111 1161111111131( 16 (116 11166111 61· 111161. 136166,
66 0116111616 611 66 Κ611( 21]·11 1116661616 6001· (1611 116616 0112611 (106, 611 0111661
66 0116111616 611 66 Κ611( 116166 Ζ1]116 6611666166611 21]·11, 116611 Hi] 001( 6611116166
6611 1066161111111116 66116611162611, 11001· 106166 Zijne 01611161111611 1116661616 611 61661
1161 dus 1(1·661116116 616 01611161111611 11661, 111 1111611(6 11611101161116 God 111111, 661616
1111166 1116611161] 16661101161 611(611661 616611 21111611. Μ661· 11116 6611061611, 661 11116
1116116666 1106 111616 1101661611 111 01126 11110161611116 Op 66166. 111 200116116 16 61·
Ε611, 616 01161 61166 10661161, 616 11001 61166 Ζ1]116 11611611 61611, Zijne 01611161111611
66611 61] 0666116611 611 (116 16 Ζ1Ῑ1161 11]·(1 111 1161 ι10116616 0016661 01161· 6116
01166166111161166611 6611 6661111161 110111116 261 11611611, ja Ε611, 616 6001· Ζ1]116
111-01116611116616 16161116 111 (1611 10ορ 661· 111610116 Ζ1Ῑ11611 266611 6661161101111101161,
11661· 6616116 0116111616 611 Κ611( 111 Ζῇ116 1166611 111611661611. 11161-111666 6116111116]
1·61(611611 11116 op (111 0066611111( 11161, 0111 6626 166611, 11111 1061111661 we 11161·
6]]1·611·611 ((111 0161116111 611 Κ6111, we (1(1116311·611611 111111 1111166 601161616 661· (166116
phaenomena 111 (1666 6666611119 611 11161 6011611161 damin, (1(11 11111666ὂ6116611119
11161· 0)) (narde 96611 11009616 macla* 0011611 (116 111166 'mauman 611161.

1311 111061 (16610111 11161 11661111( op (1611 1100161066 1111016611 6611166161, 0111661
61· 6611 6661· ster-ke (11111161111119 11661661, 0111 16666 bvj 6611 11119611962111111 (16 96116616
(1111166116 111111 (16 116111011111119 11166611611 0061116111 611 Kerke 16 161111116611611.

1170111111 16 616 661116161116 6616616111

1⁰. 11161-111, (161 61· 66116 6611 106616116 op 66166 16616611116611, 1111661111 (111
1062111661 116111161. Ε6116 heeft 61· op 66166 6611 166111611661(66116 ’111160616116
66616611. Ε6116 116611 God 66 Η661·6 6611 11011( 666116111 6111(61 11161 1161 (1061 0111
Zijne 1(61·1( 16 6611161611, 16 6166611 611 01161 16 1116116611 11661· 1101661166 6611111611
611 1111616 1161 11011( 11611 161661 11161 6001 (1611 Η661·6 661666616 616 6116616
11011(61·611, 111661· 1·66111611·661(6, 111606161166.

Nu 11661661 611 11160616116611 1(61’61(161· 11611 1161 11011( 11611 161661 11161111, (161
]”11161 111 161661 mmmm, 111161 111 (16 ξ 6660661616616 11110161 611 (161 1116116 0111-
1)1·661(1, 11.1. dccc 111 Israel Gocl (16 Η661·6 Zelf 16011161166116 001113111611611 (10111 1161

