46
college-dictaat van 6611 der studenten (Dogmatibk).

semratio 11106611]1(; 3116611, 11731111661· 111611 3611 111611561111656110111717131511651331136
1111 2161 611 1161133111, uit 111766 1165131133661611, 15 316 561161111116 36111(11331.

136, tresclzotomie 511111 66116 5611313110 111 1171766611 uit. Volgens haar 111061 36
1116115611 111] 3611 3003 111 3116611 1111661117311611. We] 1171136 13611125611 106171761611,
(131 (1311 ψυχή 611 πνεῦμα bij elkaar 111617611 116513311, (10611 (131 511·1]31 11161 21311
616611 5161561, os hij 1(01111 111 511133 11161 (16 86111111. 1111111615 36 (1003 15 36105-
making· 17311 36 3001· (303 6616636 113113611 611 11331· 11113 361· 86111111 3111161 hij
door 101 1161 66116616 11762611 17311 (1611 1116115611. 13331111636 5111131 1161 116171761611
17311 13611125611, 170166115 1161117611( 61 6611 113113 11..1 (116 1115561161] ψυχή 611 πνεῦμα
2011 11161611 116513311.

3. 136 3003 116631 111 1161 1617611 op in (me vermen.

a. bij (16 planu

b. bij 1161 3161·;

c. bij (1611 1116115611;
611 111 1161 111117176113166 15 17001 0115 006 1355611611 3626 (111661161 1701111 17311
3611 (100(1 66611 1761561111. Ν161 171731 (16 17171126 17311 516117611 33116331 — 316 15 111]
(16 (1116 1701111611 171761 6611 3113616 — 111331 171731 1161 1761·1(166611 165111133111611611.
1331 15 1161261136; 11.1. 331, 171731 17001· 006611 171735, 17613113611 3001 3611 (1003 111
existentia-vorm 611 171731 61· 017611111111, 17170131 663660111110116613 111 1611-0111116,
01111111131116 of 1761361171116. ’11113635 1161 1617611 1717613611 36 6116111156116, 5331115161161136
6161116111611 17311 1161 016311151116 1161166156111 3001 6611 11136111, (116 26 316115111331·
111331(16 101 1161 011361110113 611 36 170631116; 30611 bij 3611 (100(1 1761·317171]111 316
11136111, (1311 13116611 316 6161116111611 Vri] Spe] 611 26 1717063611 20013116 170011,
101331 61· 1611 13116611 16516 111615 17311 1161 016311151116 017611111111.

11111155611611 21611 1176 16635 11155611611 plant 611 3161· 311 331111161·1(611]“1( 1761·561111;
516111 6611 1113111, (1311 15 61· 66611 1170151611116, 26 3061 111615; (10611 111331( 11( 6611
116651 3003, (1311 1165116111 11( 161510113 66116 61161616 0111 21611 16 17612611611, (116
51611(61· 15, 11331111316 1161 3161· 1100661· 660163111566173 15. Op 1161 00661111111( 17311
516117611 011611113311 21611 3115 111 1161 (1161· 66116 163666161136 1(1·36111, (116 36
1113111 111151. “

Bij 3611 1116115611 1166111 11( 117661· 1615 6611661 3113615 117331. Bij 116111 15 6611
impetus, 11733111166 hij (1611 (1003 1136111 af 16 11761611, 316 11161 15 (16 (1333 661161·
1170151611116 3116611, 111331· 1161 1(31’31(161· 331111661111 661161· 1161 0176116636 1165111]-
dmg. 111611 (1161 1170151611 171761, 111331· 5111131 11161. En 362611651111311161170131
20011761 111] 1161 1113117133, 315 111] (16 660163111566136 111611561111613 111 113316611661
66170113611.

Post ictum mortis 31200 bij 311611 1161261136, 111331· dam-mor 6611 6611661
3113616 1017611511111116.

4. Do schrift kent driefr‘fflvi Studio vram (1ιή (laod.

