98
college-dictasse van een der 0111000100 (Dogmatiek).

1100100 01010111, 1110 1170 niet (11000100, 01010 merkem van wat 01 010 0110 110011
00 0101 0110 00110011, (1110 00]( 111010 1100000100 van 000 011110011 proces in 000.
Εο0 proces 10 1010, 1117011 21011 011111111(Ι(011 1111 000 1(1001. ’1 1111110011 proces
1170101 00110100 1111 011110, 0100110, 0010111, druk. Wanneffl· nu dat proces 001(1101
0011 (1000 1170101 11001100201, 1170101111 2111100 (1010 001 (1011 (1000 00 1701’11711(1(01100011
110010101οῬ Rome gevoelde (111 011 00101011( 00011001 1101 1700011001, 001001·001(011]1(
11000010, 2001110 We 201000, 0110 0011 101110 0011-11110110, 0101011· (1011 001 0020 100011
170111 1101101100 11701 101110 0010010110 71100οέ worden.

0010011 (10 011000011010011 2101 00011 1117010101100 110011, 00011 1000111(0111,001011010
01101 20 (10 0000170110 17001 00 0100011]1(1101(1 11010 1101 01010110010000 van 21111( 0011
011110011 010000. 130 3000100110 1(01·1( 110011 001011001 (1011 2000100011 0111Ῑο 1701010101101
011 op 0101100 00201; 001011· 2110 (10 0101110100111011011011 11001 1100 110210 10 2010011.

130 11100011]1(11010 17001· 0011 011110οΙ1 1110000 011 (1011 0000 01111)1001(1 001-11011110,
117111 (10 00011100 11000100 00001110 001111001(1 011 (10011001 10001 1101 (1110 001( 1701·-
11101000.

2. 130 (mima separata mali. ι

Το1 1100 100 1101110010011 1170 1111011111000 01101 0000000, (110111 Christus 01011700.
130011 1100 hebben 17170 01101· 00 0111001011 10 00100010οῬ ἦ

130 11011100 80111111 000101 0110 11101001110111 2001· 1117011110· 0101110111010000 011 0011
11101 0111 00 0011170110100 10000, 0011 (10 Ηο11100 Solu-ist 0011 11001( 10, (1011 God 00
Ηο010 010111 21300 1(011(, 01010 21]·00 1(10001·00 heeft 00001700; 0110110110 0011 1701001
00110 1)0001111(1(100 1101101011 11101 17001 0100000100, 11101011 11001· 21]·00 1011001011, 200
1101101 21011 001( (31000 Woord 11111101 11110111110110 0101 (1000 10000100 110210. Α110011
111 00 0011100010 170111 0011 11]](00 111010 011 Lazarus 10 0011 01110011]Κο 0101011111]2100;
0.1. (10 anima separata van 0011 11111100 (3111101110 00010111000 10 111 sm'zdere con-
(11110 dan (110 17010 (1011 111 0111-101110 0010101000ος hij 1101711101 21011 011111100011131( 001
(1011 0000 in 0011 1100010100 170111 ι]’011110101·11ε]”1(0 01101100. Wfl 011 20000οῑ vollsomew
<luiz-elsclzlzeesscl52 Νο00, Ηο1 101700 10011 op aarde 01010101 000 1171700211010· 1(111·011(101.

1⁰. 1101 10 0011 vehiculum voor (10 zondemacht (σάρξ 011 κόσμος1;

2⁰. 1101 10 001( 000 17011101111101 17001 (10 qratia yenemlesss, (10 01010111, (110 00
201100 1010000001. Νο1 0011 2000011011 brak (10 20000 1100 11101 10101000 1111 in 01]
(10 00111’11(1(011Ᾰ1(0 1701111011, 1111110110 21] 21011 101101 b. 11. 111 (10 0010011 11001000 20110-
171000 000011001100. En 001 (1011 2000111000 0000001011 (10 110010 zijn 1701100110 001·
0100100000 0000100, 011 00101110 1101 00110 201(01·0 1001000000, 10000110000000 10010111.
(100 0000201101 001( 0011 1110110011 101 11010001101111010 00 010001 work, 011 1100010
171111 10 000 (101 110010 1111000100 001 00 0111001000 (101· 201100 10000 10 001010.
Ζ10011011 0011 1100100010 van 1101 seit, (10.1 1101 0100001101111( 1017011 0000100 01100-
1110000 genade 0101011.

Op 1101-(10 011200 110011 de uvclerfselffwmw in 21011 0001017011 van hijwmlerv

