350
Collega-dictam] van een der studenten (Dogmatiek).

16 (111 1161 3111111100111, (131 (1626 1110161166116 11001616111116 3116611 661(11 11001 wat
231 zijn in 1161 Rijk (161· Η66111]1(1161(1 611 666116 profetie 16 11311 (1611 106613113,
1111331111 (16 611-11016636 1(61·1( op aarde 21611 2011 10611111(1611.

1)0611 (111 (133166131611, 111061 leet algyemeewe recht om 00⁷·Z09 te vom-en gyededu-
ceerd uit de male, dle (iod (1611 de Oreo-heta gyaf om het vollc te reqeereoz- Η61
110161 113112611, (131 200(11·3 61· 111 6611 1311(1 6611 111]311(1611]”1(6111113166661116ᾶ1,
1111331111] 1161 op 1161011611116 11311 1161 land, roos 11311 606361611 611 116111161161116
van 1161 onafhankelijk bestaan 11311 1161 11011( 10666166ς1 11101111, 61 66611 ander
midde] overblijfi: dan geweld 11161 66111161(1 16 1(661·611 611 6611 Ο1161·1161(1, (116 (111
11161 (166(1 (1001 (16 1361111611116, (131 21] 66611 001106 11136 11061611, 2011 66611 (1061
hebben. De 1331( van (16 Ο11611161(1 16 311161 (16 661166111613 11311 1161 nationale
leven 16661101161· (116 11311 andere landen 611 1161 261161311ᾶ16 11661331] 011361 (16
11011(61611 16 1161·261(61·611 611 16131166 11161 1161 1111116111311ᾱ 3311 16 lmoopen. Η61
16 11116111 611 1106111116 (111 20013116 1110661111( 111 (1611 111166 11311 111636 16 (10611.
Vandaar 16 1161 sluiten mn verbonden 6611 (161 110011133111616 (166161111311 (161331(
¹ (161 01161116111, 01)(131 (1001· 21111( 6611 11611)011(1 6611 1·6611161·1ῃ“1(6 116111011(11116 11311
111’1611(166113ρ 111 ’11611611 6610611611 11101116. 0136061116 111061 worden 6611061(1166611
(16 11001616111116, (131 111611 21611 3116611 11161 0111161611611 611 11161 11161 (16 infideles
verbinden 11136. En (16 11001616111116, 31601 111611 21611 001( ορρο111161(1611616316(
11161 (16 011661001116611 11136 1161-10163611, 1(01111 1161166116 3113616 1111 110011, (1311 1111
6611 116111113111116 11311 1161 16116111 (161 1(61·1( 11161 (131 11311 (1611 61331. Abraham
verbond 21611 111161 11161 Aner, Ε61(01 611 Μ31111·6. Gen. 14 11624 611 001( 111
1 1(οη 5 «rs. 152 162611 11116 11311 6611 verbond 13η Salomo met Hiram, terwijl
116166116 111 (16 36111111 66116 311(6111·1116 (1331·01161 11101111 uitgesproken. Gaat (111
11161 611 131611 vriendschaplffilfflze 116111011(11116611 21611 11161 redden, (1311 blijft 61·
111616 311(1616 01161, (1311 0111 opkomende 666611111611 (1001· (16 hulp 11311 6611 (161(16
1111 (1611 11166 16 1111111611 of 1111331 (111 11161 101661160631’661111331161(1111612111133111
16 11·61(1(611.

Is 00ch een offensleve oorlogy 96001·ΖοοΓάῖ

Μ611 16 61· 116111 106 66116161] 0111 16 2666611, (131 111161 6611 (161611616116, 111331
11161 6611 011611616116 001106 6600110011] 16. Zij, (116 (1626 11001616111116 1100161336,
6611611 21611 66611 1·61(61166113ρ 11311 (16 11311011316 116111011(11116611. Ε611 genabuurd
1111( kan 2011(161· 1161 2111133111 16 11·61(1(611 1161 16116116116613311 11311 6611 11011(
0111110661ῇ1( 11131(611. Stel b.v.‚ (131 6611 661131)11111(1 11011( (16 6611166116611311611166611
11161 21111 131111 3161111111 611 21611 06611111 111 216112611 of, (131 wi] (1611 (11111061 611
16116116116111661116 131166 (16 1111161611 1111 Duitschland op 01126 61611261] 161611611,
b.v. (1001· Rijn 611 Μ336 11001· 11611 16 611111611, (1311 2011(1611 1116 2011(1611161 2111133111
16 11·61(1(611 20οᾶ311166 66113(16 3311 (16 1613116611 van (16 genabuurde 6131611 3311-
1116116611, (131 111111 1131101133] 1611611 (1311111001 1)6(11616(1 11116111. Οι11661(661(1 1(311111

