141
Collega-dietam: van een der studenten (Dogmatiek).

profetia, (116 11161 Maleacm· 1611 6111(16 11611 611 16 0116611011ᾱ611, 261 6611 1161 6111(16
(161 (166611 1117661 011110111611. 136 „nabi” 261 6176111176] 616111611161611161 (1166611 17611
6611 «1666111, (116 11111116 110οᾶ6611611 verkondigde, 111661 11611 Ὲῖᾰα, (116 66116 1700161-
schaduwing, 66116 111661161116116 6117611 111766. 136 1761661111111116 17611 (1611 11101661
Ε116 111 161661 was 6111101111661; 66116 6611661 611(1616 (1611 (116 17611 6611 166616 611
auderem (116 11101616616611 11161 11611611111116 101 (16 11011161 11611 (1611 Μ666166.
1761161661, (161 (16 01161111161116 1661116, (161 Elia 161116 2011 11011161] 611 (161 111611 611
,10116111166 (1611 13001161· 611 162116 61· 1111 611 (1611 17001 11161(1 611 6611266. En (11111766
111 200116116 1117661, 616 0011 111 1161 011116(1611 17611 ,10116111166 (1611 13001161 66116
praefiguratio was 17611 (1611 61001611 (166. 1361 111611 (1611 116616 162116 17001· Elia
6611266, 171766 11611111111111 6611661 11116.

136 01166100116611 111611611 61 21611 11611111111111 1117661 11661 666161111611111 af. Η6116
2661 6611106616, 200 2666611 zi]7 (16 6611111161 17611 (16 0116111161111666611111611117661
66116 11001616111116 11611 Ε116. Ζο0 (1061 1161 0116161001 6111111, (161 611166111 16112611.
Ε61·61 17611116116611 21]· (1611 Apocalyps 611 (1611 Elia zelf.

Verdffl· (116661 (111 011116(1611 1161 616611661·(1166, (161 61 tweeprofeten verschijnen
21111611. We] 21111611 011(161111·0161611 11611 1111616611. Μ661 617611616 Elia 611 Elisa 6611
611611 661116 176116661117110011116611, 200 0011 (1626 11166. Ε17611111ῑ61 11161 (111 011(161-
6611616, (161 Elia 611 Elisa (16 1116611611161166 warenn εἴθ’ 21111611 1161 1161611161 (161
17611111111116 (11“66611; bij 11611 11.1. 261 61166 111 17661 01112666611111612111 geopenbaard
worden.

1316 1171166 1110161611 21111611 begiftigd z1jn 11161 (16 66116 0111 wonder-en te docem·
(10611 1111011661611, (116 11161 616 'bij Ε116 611 Ε1166 6611 1·6(1(1611(1 1161611161· (1166611,
111661· (116 61661116 11111116611 21111 17611 (10(16 1761·110166111161(1 611 100111. Zij 21111611
1166111166 21111 11161 (16 11166111 0111 111111116 166611616116616 16 11111116611, 617611616
162116 6611626666 working uitoefende. 13626 111111116 11166111 261 216112611610101161·
(16 6161116111611 (166 116111616, 01161· 1161 11111161116111 111161161111611. Ε11, 1611111111 Elia 611
Ε1166 61661116 66116 11611611116 106111116 116(1(1611, 6116611 111 161661 011116(1611, (1166611
211· 6611 660610116611 1161611161, 21111611 211 6611 6116 001(1 (161· 111761·61(1 1161 001(1661
(10(16 1116116611.

Τ6176116 21111611 21] -- 611 216 11161· 6611 17161(16 1111111 17611 1761661111 — martyres
zijn. 136 (166111011166116 11166111 10611 261 61· 1116166611 11611 16 (100(1611 611 111161111661·
26 66(100(1 21111, 261 (116 (100(1 66116 00126611 11611 111116661161) 21111 11001· 6611661 (16
11176161(1111·116111; men 261 6111611(161 66661161111611 2611(1611, 6176111116 111611111161·661(166(1
116, (1611 (10οᾶ 11611 Η6111611. Μ661 (1661116 261 (106 11611 1111(1611(100(1(10611011616611
,,116 (1116 (166611 611 6611611 116117611 16 6611 66661 (166]61161161111 (10(111111611 6666611.”
13611 6611161· 21111611 26 66611 106111116 111661 1161110611 op (16 661616, 111661 26 21111611
0111761611 1611 11611161 1611 6611661101111116 11611 6116 111111116 1111616166.

13661116 66611 (16 1661616. 1661166611 111,

