95
college-dictaat van een der studentem (Dogmatiek).

171766 10611 66611 61116116. Το611 17176161 61· 11161 6661606610 0111 111661· 16110111611, 6611
9061116 16 1761·111·1]’6611 611 661(1 16 1761·(11611611. 111 1116616 17611 1161 16661117170010166
6171116616, 171766 1161 1·1(1(161·11]“11 beses 1111 (16 11116161616611117611 op weoenschappelijk
gebied doorgedrongen. Η61 171766 6611 1161116 beses, 6611 60(1(1611]116 01111, 611 6611
1161116166116 0621611116. 1161 171766 10611 171761-11611311 16 (10611 01111161011166111161166111]-
(1611, (1611 0116611111ᾶ166 16 1·6(1(1611, 111166116 16 11661· 16 66611 611 (161 1161 111] (16
theologie 11161 61661116 61116 0111 6611 1116616 16 hebben, springt 1106 (1111(161131161
111 ’1 006, 616 we bedenken, (161 1161 606110616116 leven 6161· 1111661616 176112611
(1661106 1717611116 111111116106.

De 17611· van de toenmaligye studia was een nobele en eclele.

Ten 610116 1661 0116 1106, 0111 6611 6666161611 111111 op (16 1661111611611 16 1761·-
111116611 611 11616 11061116, (116 21]· 111 ’1 6611661 (161· 11761611661161111611 111116111611, 6060
16 17611611, (16 opum-king, (lat ‘men uergens beten· dan uit die 6167· facztltezssten de
hel lcan Zeeren 1676711671.

1106 16 (111 bedoeld‘?

Antw. De 17161· 160611611611 21111 6116 116216 611 (1061106 0111 16 116611·1](1611 (16
61161616 17611 (16 2011616 11161 6116 6617016611 17611 (100(1 611 61161106. 111200176116 21111
26 111611111116111611, (116 (1661 1111111611611 111 Gods 1161161 17611 (116116 Communis, om
(16 (1001171761111116 17611 2011616 611 61161106 16 611111611. 1161111611 1176 1111, (161 (116
171761111116611 17611 Gratia Communis 11161 11661011(1611 611 1176617161611, (1611 20110611,
011(161·661161(1611 11661 616611 16116111 17611 61161106, 616 1066111161161117161·(161161(1666116-
16116 111116611 611 1161 16 1111 (116 17161· (1666116161166, 6611311 26 (1611 21111 zomon,
(161 111611 6166611111 1161 11762611 17611 (16 1161 176161661 611 1761.

We hebben 17161 17610611, 11.1. λόγος, σῶμα κοινωνία 611 φύσις. 1361111611 17176
1111 op 6111 (1161 17161 16116111611 (16 6161161106 171761-111116 171766, (16111001111161166117611
’1 16111611 0111 (16 spi] 1116161006 (1001. 11161116 21111 (1611 (16 17161· 6617016669

10. Τ611 0112161116 17611 (16 philoloycsclze 1661111611, (161 1161 2611116117116121111 17611
(1611 1116116611, 111 1116616 17611 1761·1161(161(1 16 worden, 111 66616(1166 17611716111116 611
1761·(11116161·1116 66166111. Μ611 61611 21611 11761 66116 (16 1761101611611 111 (16 1161 11161
6611 6617170011 1061717116121311 17001, (10611 (111 16 1761116610. 0011 111 (16 17611116111116 611
17616111161611116 17611 1161 116117116121311 111 10611611161106 111616 1101111 1161 11762611 (161·
,0611611616 (1111616111160 uit.

2⁰. Wat ’1 sommi-selae be'treft, 2011, 2011061· 611111611616 66116616, 161117131 1176 1111
171761 216111611, 1111761611 611 116611161111611 111 ’1 1116116611611111 1161166111 21611 1111111611611,
111661· 6110166116611 assoopend 611 (1001 1116(1166116 111111) 66611111, 111 ’1 1116116611611]11
1161166111 61 (16 176166111111111116 17611 (16 66116616 11661116111166116 61661· 1116161006 (1001,
2011061 0011 101 6611 (100(1 16 11111111611 11011161] 111 ’1 1116116611611111 1617611, 1111317611
1700111717061611.

30. Wat betreft leet velo} cler κοινωνία,- (16 6116116 Οο111111111116,1116(16(1001111111)

