85
college-dictam: van 6611 der 611106111611 (Dogmatiek).

0111 011 111 16 21611, 111061 06 11601111( 661660 op 116166611 06 66116616 61161(-
king der ἓ 16, 111111. 0111 6611 16 10011611, dat 61 016 κ6111116 0111616611
16 1111 6111] d. Η61 16 1111 06 1061106116 0111 21011 16 1161-2611611, 061 06 116111116
66110161] 16 611 11161 1111 166612110111. ]36 mensch 6661 1161112611, 211111611, (1611κ611
0001 (1611 11000, 0001061 hij 21011 (1001· 66116 11160111 0111 116111 116611 666116(111661·0
66110611. Μ611 1166111111 b. v. 1106 06 1116116011 16 1110606 16, 616 616611 Wild 0161 op
116111 611101111.

1⁰. Ηο6 1101111 0611 06 106160116 1601111611 11001, wat 16 0611 06 6111]οῬ

Antw. Μ611 06110611 11016116111 66611 171661110611116 111 (16 1661610 16 21111 0111,
6161111661· 6611166 menschen bij elkander zijn 0111 6611 66111661160116111161111111616116
16 1166111611611, 2011061 (161 116111006616 1166111661 van 116106116110621611,61κ006611-
blik 66601111 611 woordenstrijsl op 16 1116111611. 136610001· 0111616613 1161 susurrus
linquae over (16 66116616 11161610, 1160111 611 066. 136 6611 2661 (111, (16 611061 (161.
Ζο0 6661 1161 1066011611 111611 611 vrouw, 0110616 61111111061611, 01060616 611 21161616.

131611111661611 16 6611 6166116011611 van (1611 2011016611 1116116011, want door (16
601166 is de mensch een anima disputans yezvorden. Waar 61161616111 06111116116011
16, 16 (111 1161 661161. Ν161 bij menschen 2011061· 1)11; 1161 11611160116 211 11161 111
0611 1116116011 111. Ζο0 66110611 111611, 1116610111 1161 106160116 11610 1161 661616 11610
16, 16661111] 1161 061111611 16 1166 1111116111. Ν161 61601 Αο6111 611 Eva 011601 116 0611
val 111216 1116611166, 116611 26 21111611 wel voor 011061110110 6620160 hebben 2011061
0661101] veel 16 1161111611. Μ661· (16610111 16 06 116111116 01) 1161 106160116 11610 01166-
110111611, 0111061, 111661 111611 0001· 21111 1111111111611 11161 1110010611 6661166116610 160101,
61· 66611 611061· 1161111661· 16 (1611 6161166116 11161 1110010611. Η61 νι1161160111 10011 16
111111061 1101161. Aldus was 1161 616611 van woorden 11161 1110010611 06 66161611166616
11001 (1611 1116116011 0111 16 66611 06101611. 1166611ον611· 6611 61111111610 van 0611 6611
116011116 (16 611061· 6611 1106 61001616 1111 16 061111611. [111 016 116110611616 66001611
06 016116 0111 06 61611611 van 1161 061111611 111 16 66611 06101611, 0111 6611 611061·
01) 10111611 111 21111 1606116611116611 of 1160111611116611 16 hebr-appell.

2⁰. In 06 1166606 1116616 111061 111611 001( (1661·61111011611 1161 6611160 van dialec-
tiek: kennen. Ζο0 1101111 111611 111 61661 101 1161 11061611 van 6611 061161.

Bi] 011 1661616 116611 111611 11161 11161 6611 61111616 111661· 11161 111661· 1161601161] 16
00611. 136610111 0111610110 (16 1161106116 6611 0111110γὶ6, 0111 op 016 velen invloed 16
061611611 611 26 0001· 116100611160111 11166 16 616611611. 136 171666 werd 6606611, 1106
011 was 6611 16 1666611. Op 0626 Wijze zijn wel degelijk 1111 11160116011611 11000
611 1111 (1611 1601161 van 1161 leven 06 vakken: Ζο9ίο6, dialectica 611 rhetorica 66-
1101611. 13626 0116 11166111611 1606661 616606 1161 trivium 1111. Τ66611ν11001016, 1111
1161 06111161] 61661116611 106211 (161· 0111νν1κκ611116 16, 16 06 16066616 011111111111611116
van 1161 06101611, 16661111 111611 21011 10611 062011611111 1110661061611611,111612002661·
111661· 1100016.

