277
college-dictam] van een der studenten (Dogmatiek).

1311 66611 0116 (1116 661116621116 6611 parallel 6611 (16 11611(1. 111111660116111611161·1116(16
11161 bedoeld, (161 (16 assi-,and van 1161 1101166111 (161· 11661’11]’1(1161(1 10111611161166111,
(161 We 11161· 11161 0116 (1166611, (1661·1116(16 2011 21311 bepaald. In (16 parallel 10011
spraken 11116 11161 01161· 6611261166 1101166111, 111661· 01161· 111166 110116111611; 616 (116
1306011166111611 6611 Europeaan 11161-(1, 2011 hij 66116116616 ν61·611(161’1116111061611
011(161·66611, (116 we 0116 11161 111 1(111111611 (1661(611. 130611 (111 16 11161· 1161 punt 11611
ν61’6611]1(1116, (161 1061(16 116116111611, (116 2002661· 111 11661·11]1(1161(1 1161-6011111611, 10611
1111 (162611ᾶ6 61011611 116616611.

Βο11611(11611 11616616 11161] hierbij 6611 (11116 11161; 1161116 116116111611, 200111161 (161
11611 (1611 1306011166111611 616 (161 11611 (1611 Ε11101166611, 21111 0111616611 1111 66611111-
1661·1116 11611 (116111160116 61011611, (116 111 (16261ΐ(16 (1011(11116 1161·1(661·611. En 1111
1161111611 We 111 (16 01161611(11116 11161 6116611 16 (10611 11161 6611 1(0111611 116111161 σῶμα
101 1100661 11661·11]1(1161(1, 111661 001( 11161 66116 01111110011116 (161 namurstoffen 101
1100661 11661·11]1(1161(1. En 11161 6116611 (16 61011611, 111661· 001( (16 1660111611 (161·
116111111, 001( (16 1116111, 001( (16 111611611 (161 namur, (116 op 1161116116611111111”61’1(611,
111 6611 1111001111, 61166, 11661 (16 schepping 261 666161166111 111101·(161110166111100661611
1066111116. 136 166611111001’(1166 0111111111(1(611116 (161· (11611116 1116(11 0116 6116 6666116116,
(116 1100616 21311 0111 0116 (111 111 16 (16111(611. 1111111616 zi] 16611 0116, 1106 (16261166
61011611 1(111111611 11001’1(0111611 111 66(11“111(1611 10661611(1 611 111 111-66111166 66666616 611
001(, 1106 21111(6 61011611 1(111111611 worden 1161·11661’1111(1. 136111( 11. v, 0111 111661· 1616
16 1106111611 6611 1161 666, (161 1111 (16 6166116001 1161’61(1 11*01·(11.

Η161·11001· 66611 0116 (16 Η611166 80111111 (111 (16111(11661(1 6611 (16 1161111 (161, 161111111
op 661·(16 (16 (1161116111611 2661* 261(1266111 21111 611 (16 61011616 61011611 (1661611166611
2661· 01161·11106(116 66111116216, 111 (1611 11611161, 661661(611(1 (111(161· 116111661(111611
1616261661, 61 (16 61011616 61011611 11166 21311 611 61166 6111(61 6011(1, 2111161, (1161116111
611 611161·66(1 16. 1361 16 66116 6611111ῇ21116 11611 (1161100661611661’1111(1161(1 (16161011611,
verre 1161-11611611 11011611 6116 611(161·6 61011611, 661111( (16 (1161116111 61661 11011611 01126
61011616 61011611.

Ν11 611161( 111 (16 61011611116 6111311 1161 106661, (16161“111(161·(166(1 66611 1(10116,

“ 111661· 1161116161 11661661 11166011611 1161 11311616 611 1161 61011616, 1116661161] 6(1616 611

011611616 616611611. 136 116111161161116 11611 (1611 (1161116111 116611 (111 1101(10611(16 1161162611
611 0116 66166111, (161 (1161116111111616 611(161·6 16 (1611 6611 (1001· (16116111111·11611161·1(161111(
1(001. >Wij kunnen 611611111161 1161 6(1616 111161 161611 261(1(611, 111661 11161 0111661(661·(1.

Η1611116ᾶ6 11101111 0116 61200 (111 (16111(11661(1 666611611, (161 111 (16 δόξα (161116111116
661116, (16 1161’611(161’1116, (16 11116(161·6611001·16 (161· 661·(16, 11161 11161111 261 1166116611,
(161 (16 61011611, (116 1116116 116616611, worden 1161111611611, 111661 (161 (16 6161116111611
worden 0111ρ1001(1 101 6611 11006616 11661·11]’1(1161(1.

Α16 we (111 1111 001( 10611666611 op (16 6161116111611 1161101161161166111,(1611 1611111611
we 0116 6611166 11001616111116 1111611611 11611 1161 1116111116 1161166111, (161 1(01111, 1161

