425
Collega-dictam van een der studenten (Dogmatiek).

16 0666011611, 16 110011611, 611 6111161666 11161 (11611110061161116611 1166111 1111111161
Ε6111111166 11762611 011261161131( 16 1110611611. Ν661· 661116161116 1116111611 1111, 661116
116616 1161161 6611 1110266, 66161 66601661 0111 662611 20011 11611 selomith 16 6166-
1116611, 611 1100116 6611616111, (161 6611 16661, 111-661116611116 of inboorling, (116 (1611
1166111 JEHOVAH 1116116 2011 661661616 hebben, 2011 616111611.

Μ611 2161 (1116, 61· 16 11161· 66611 sps-ake van 6611 616611166116 201166 11611616066111
of valschen 60666161161, 1111161· 6611 2661· 1161111616 611 6116 011160111611611 1111661111,
1. W. Godslasterimy. En (161 wel, 11161 11611 611( 1111661111, 116616001 111611 66116111
11011 worden 1616 [1066166161111116 6666101161] 16 1161110611, 111661· 2661· bopaaldelijk
11611 1161 opzettelijk 1116161611 611 1110611611 scm den'Heere, 1161111611( 11611 1161 21011
2611 1161-1110611611 2661· 16 0116616011616611 16. 116 61611161· 1106, 61· 16 111111 66611 6116616
(10661661611116 61116116, (1611 11611 (16 2661· 1166116166 0626116111κ6 ,1661611116 611
1110611166 111111 (1611 1161111] JEHOVAH.⁷⁷

Ζο11661 111661· 111161 6116 66 11661· 17611 1Ῑ612611 1161, 166111 0111 1111 (16 op 6626
6116 011160111611611 201166 1361166166 61161 1161 61661116611 661106 af 16 1616611 101
111611116· 611 111110611116· 11611 61606611] 611 1161601161] 6066616661.

Heia 11661 1111006611 1116 11161· 161610116 (16 (161·(16 111666ῑ „of (111 (100(161161161 001(
11001· 111-61111611 van 1161 type-servet geldt?⁷’ 6611 vast.

Van Servet 16 11161 06116116, 611116116 11161 111 1661111611 0611102611, (161 111] 21611
6011111616 6611166111 had 6611 01126116111116 1661611116 111111 (1611 11611111 JEHOVAH;
0οκ 11161, (161 hij opzettefijk Gods Wezen 1161-11106111 116611, 26116 11161, (161 hij
6611166 0112611-,6111116 1661611116· 111 (1611 2111 11611 11611. 24 vs. 16 166611 (1611 Η6616
0112611 (106 116611 1111666111·οΚ611.

Ε1· 11611 110011 11166· (1116 6116616 6600166616, (11111 (161 mannen 11611 1161 type-
Servet niet 011661· (16 1066611116· 111111 611 (100(161161161 11611611.

Mam· 116 (1626 116166 1100110011166 11166611, 110111611 1116 1111 101 (16 6166111616 11111116ῑ
She] 111, 1161 661106 1111616 ι111161 111111 pas 66116611160111, (1611 1106 (11611166111-111166 611
011(161’200111; ,016161 611 661106 1111 1106 ‘?''

En (1611 21] 1161 0116 6600110016 (1611 11661· 11611 11012611, 0112611 6666111611 oppo-
116111, 6116166161 16 1161-1111ῇ2611 11661· 111161 1116 162611111 136111. 13 116. 6 vv. 611
136111. 17 116. 2.

111 Β6111. 13 116. 6-10 66111661 (16 116616 116111611116 (161 611611200 26κ61111κ 11161
(1611 6006 261 66611611 worden elke 111611 os vrouw, (116, 11161 111 1161 0661111661,
1111161· 111 1161 1611111161611611, 6061116611 261 hebben aangewend om 161116116 af 16
1116116611 11611 21111 661001 611 01161· 16 halen 101 1161 1116660611 6611 (1611 (1161161 van
afgoden.

Μ611 2161, (161 11161· 66 1111(11·11κκ1116 200 616111 111066113κ 16. Hij 111116 11161 1161-
601100116, hij 111061 616111611, (16 111611, wien 1161 661161116, 111061 2611 66 116116 6611
hem 616611, 611 66116011 161661 111061 116111 61661116611.

