117
college-dictam van een der 6166611166 (Dogmatiek).

in staat is om 66616611 oorsprowgy, eerste yeschiedenis en eiyen bestand der τααῐ
een oorcleel te vellen, want daarvool· 111161 26 (16 66661666. Ε6161 616 11166 met
(1666 Woord voor 666661662161, wat 66 1661 bij 66 6611666166 van (166 mensch
beteeken’c 611 161 op 66 Spraakverwarring van Babel, 1166 66 26666 66 6116616611
11661611 611 611 616ν16116611 111761κ16 op 6661666166 66 1161116166, 1116611661· 6166161
op 1161 111616 1166 (3161661116, 66 166166116616 van 1161 Ρ1611616116661 16611 1112166
611 6661111 66 661111616 van 66 1661 6111661111 66 1161 (1661 66 1166161661166 661
1661 16 66 11661111161616 (161· 116166166 6616666 1111161, 66161 666 rijst 1161116111 op,
Waar 111666 (16 1111661611611 16 1161 6616161· 16661661.

20. De historisclze gyroep.

Wat 6626 61666 11611611, 1161111 1161 1166 61611161 611. Κ6161 111611 bij 66 philo-
166166116 616611 161 66 111666161166 111 61166166 216, 6611 11161 66 111666 op wat:
16611 wel de eiqenl'ijlce beteekems 16 ‘can <Ze klassc'elce oucllzeid, van 1161 (1116116611
611 1161116111 666616611616166 11161116116661111116616166 1111666611, 1)(1116611 611 Ε66616611.
1361166 66 6112666616 0666661166 6111 16 1161 11161 6166611111 611 666616611616 16
6666161661611, 266661 6661161666 666 6611 16666 1161 (1116116611 611 1161116 11111166
6166116666. Op 611 6166666111 16611 16 61 6666 61111616 16666, 1111661661 men 11161
61666666 66611661 111 (16 1116616 1116116611, 1)(1116611 66 1116661666 2661166666
1661611. Ε1· 16 6666 666616611616 66 266 1161111 111611 61 166 om 61 1161 11611111 66
(1116116611 6176111661) 16 6661611 66 8116116666616 16 6666 162611 Of (161 111611 21611
pla-abst op ’1 6161166661 1166 (111611661666 611 2661; 661 1161116 66 (1116116611, 661
16 1161 ware! 1366116611 61611 66661· (16 1666111 van (1611 (111611661166 6611616616-
661166 66661 66 16111661 men zijn 1111111616, 6111661 11166 (166116 1161 66661661
66666 2161.

Ο111 6611161· 16 11611166 161 (16 6116116161116, dat 6166 11ῖῇ 16 1666661161· (16 6166-
616116 11161616 66 111 16 21611 11616 6116126616 6616666616, 666111661- 16661 1666
616611 op ’1 6166611661 661 0666661166, 111661 16611 162166, 1166 1161 111616 van
Golgotha 1161 6666616661 (161 6666111666616 16, 1166 666166 6116661611 1166 6111-
Wikkeling, elk 11161 266 616611 166166116616, 21]·11 66661661116616 661166 666116666-
616111116 1166 Gratia specialis 6161 (116116 Communis 66 Β6111611166116 66 (1116116666
11161616 6111 666 616611 16611166 66 16611 16 116111611611 11666611.

1)11 11611111 16666 6611 6116166116 161 66 16616116.

Wat (Zoet mc de literarisclze facultezsst met de historie ,9

Ζ6 11611 6116612661166, 661 1161 1666 266, 6611 1117661· 266 16 66 11161616 6666611
16, 111661 111661 1161 1161 τέλος 111 (16 111616116, 66 wat 16 66 111616116 dan 666616
616 1161 611116661611 661 6661666166, 616 66611 611 11611166, 1161 6611611166 611 16
11161 66611 van koninkrijloen, 1161 1161-1116166 1166 66116666 611 1161 6161166 van
vrede, 6611 1766161166116 (161· 1666661166 111 11166111, 1161661 66116111116ἷ> 16 (16166161
111 Α216, 16611 111 Europa alzoo geweest, 16 1161 116 117661 111 Α111611κ6 6112611161

