59
Collega-dictam van een der studenten (Dogmatiek).

01161· (1626 11116(611 1066(66( 06661· 60 1161116616 van (166 01616616, (116 666 (16
&christ 1166(11011666, 66611 1161661111 11611 6611061611.

Μ661· — 6611661 6116616 1111016( (16 zaak, 616 61611 1161661· 666( 611 111-(1116(, of
61· 16 (16 11611066, 616 11611006( (1166611611 16166666 6006 611 116( 166(6(6 0016061,
606 2611611161161166 666666, 1106 6611 1111611( (1066 6611 6611 666(01116116 kal] bewezen
worden? De 111666, of 116( 166( (1611 (1006 111( 16, 11611 61611 6116 1161·11111(66166
111 (16Ζ6; of in dien tetsselwnstaab 1116661161( den (Zood 611 (16 106661Ήω1161 cles
Heeren 1106 zaligymaloende gyenade 1601111 toegyebraclzt?

Reeds in 66 30 66 40 eenw 16 (1001 (16 11611( 116( 6(666111111( 1666606166, (16(
6166611611, 616 111 61( 1611611 (1001· (16 1116616666 (0( 116( Evangelio 6610611611
11116166 611 011116κ661·(1 waren 6611161166, 11001 66611116 116110166 11116166. Μ661 (611
06216166 11611 (16 1106 1116( (0( 116( Ε1161166116 6610611611 1161666111161616 1016611 111611
6666 1116661166 1101161116 6611116111611, ΒῙ( 16 1101606166 116611111611111, 616 111611
10666616, (16( 116( 666(61 011116(6666 2661 1116111 was 611 (16( (116 611116(6666 (1001·
61161161 1616(16 11611 11106(11161111166(6611611 611 111161166611611 6611 (116 1161666111161616
116110066611 waren. Doch gaandeweg 1111616 (16 1161110116166 (1166611611 (16 11611( 611
(16 1161666111161616 66116 6116616. Ζο0616 (16 66116616 οἰκουμένη, 20011161 116( 006-
6(6160116 616 116( 111Ῑ66(61·60116 1111( 0111-1613611111 was geworden 66 (16 1161666611
(16 βάρβαροι 611 Σκυθυι 1116166 6611101666, 11616666166 (16 (1661(11111Ζ6. Γ110611 261
men: ’( 16 0661066166, (16( zij 66 Ζ611611616 61166666, 11161611 zi] 111 (11( 1611611
0611666616 1111111611. 16161616 (16 0116111616 11166 001( 6111·16(6111κ 6611101666 611 1111
1166 111611 6611 1666161666 6161116611( 1100(116 0111 (116 0116111616 61(06 (6 6111116666
(16 1161666611 1116( 66111616 (6 (10611 (10011611. Α116616 01160161( (16 1111κκ61 (0( (16
6116616 611 (0( 66 (661( 661· 0116111616 (6 (11611 011Ζ1611(6.

En (16Ζ66 achiab& 111611 6611011666 (6 1161111611 111 116(; »Εςεϊνα ecclesiam 1111116 6611-116Ρ

Ε616( 111 (1611 (1]’6 (161· 116101111666 61116 61611 1111661 01161 116( 10( (161-1161666611
6666111166.

De Roomsche karl< (0611 1166011 6611 66661 6611016 (6 0666111111666 11611 116(
11ον61166606111(16 6(611(111116(. Η6( 161666 (0( (16 1666 (161’1101κ6κ61’κ, (116 61166
16661· 60011(6. 13001 Ζο0 (61111116 66116166 (6 (10011611, 111666 111611 (1611616611111161616
111 66 kerk.

Η66] 61106616 6161166 61611, (16( 116( 61 111 6016111166 6(1·6κ66 11661 616611(
111(Ζ66. De 111666(6 1166 66κ61“6(611(16 11011166 1161(006(16111106 (16011(16,1161(16666116
26666 611 6611110016611. 131( 2011 (0( 116161611166116 Van 116( 611116(611(1061 1161111611
661616, 116( Ζο11 111 1101616111161616 6116 0116666611. 11666661, (16( 6116666 (1167161166
1111116666 van 11106661, 111661 1111 1111 (16 karl& 2er kwam opduiken. 1111611 111066, of
zulke 6166661166, (116 1110616611, (116 6611 6611661 611(1-(τ111’16(6111κ 1611611 1616666,
1111 Ζο0 111661· (166 11611161 111 11011666 66611, 06166( Ze (0( (16 11011( 116110011166.
Dat kon 1116( 611 1111 11666611( men (16Ζο (11601·16; 1111111611 (16 ker& 11661( 61011 (10

