65
College-dictaat van een der studenten (Dogmatiek).

zijn 616611 110111616 611 166611616 616611, 2611661 21611 111166611166116 11161 6111666616
661161 16 verrijken.

Ware 66 Gratia Communis 11161 11166611611116166 6611166611 0111 06 1161 6011601·-
tium hominum in 16 1116111611, 61· 2611 66611 consortium gekomen zijn‚ 110611
11161166116113116 01111111111611116, 116611 1116116116, 1106 661116 6061 van 1161111611661161111(
666166111 16 0111661411611 21311 6611116661. ·

De negyatieve en positiove wermnqen der Gratia Communis in consortum ho-
minum.

Ι. (106 66 Η6616 116611 111 1161 menschelijk 11611 6611 2611616 11611111 1113116
liefde overgelaten. Er 11661661 16611 011661· menschen, 616 66611 1100661 1166111-
661 661116611 1161111611, 6611 1100661 1166111661 van liefde. 16616116, 616 111 ’t water
1161, 261 111611 1166111611 16 1666611. Dit 1166116 6661 wel 11161 6166, 111661 ’t 16
10611 6661176216. Die natuurlijke 116166 uit 21611 111 6166611611, b. v. 66 116166 van
6611 11106661· 101 11661· kind, 616 111661 6166666111 16 611 11161 11006 61661,1111111616
1161 kind kan (116 116166 616 66661606 111110626111611. Bij (16 (1161611 111116611 11116611
611611 616111, 26116 1166 11161 6611 1161·661111; want wazu· 111066616 11661 kind 661116
11611110016611, 11611, 111611 (111 bij (16 111666616 661· 6161611 1111116 110011 6611. Ook 61
61611611 11661( 6161111616 66 11106661116166 11066 1001, 06 21611 2611 16 26 111616 6611
111611116116116 116166, 11161. 1100661 6166116 6611 bij 66 6161611, 611 6166126 6616111606,
616 26 6611611166 11170161.

De natuurhjke 116166 16 66116 6111111116. Η61 6166111611, 661 66 menschen elkander
1161611, 11166111 1161 661001 af 611 6611016611 het 06661601. Ε611 66160611, 6161111161]
uit levensgevaar 1661, 11661 111611 11161. Ζ661 men, 66 201166 16 11661, 6611 11116161
6116611 66 6166111166 van Gratia Communis 6611 6111661111( 116111 06 66 201166.
De doorwerking van 1161 1666616 11162611 661 201166 heeft God (1601· (1161160061-
munis 66611111 611 6611 60011 1116116611611116166, 6111161111110616, 611-6111001111 (16616616
6661616. Α611 (16 11661 111 (16 116166111611 natum· 666 1116116611611 werd 66111161111111
6611661666.

11601· (16 116111111111116 116166 16 (1661· (166 6611 616611166116 610116 661666 11001·
6611 10611011161ῃ 66611 dit was 11161 6611066. Ε1· 1116661 1113110111611 66 610016 6666
(11666 111

Π. 66111616111116 16111161 0176111616666266.

Voor ’t verband 61166611 we 11161 61661116 6611;

1⁰. 661 1111111611 66 201166 0111 (16 0176111616 61 11161 21311 2011. 13611611 66 201166
10611 2011 61· 66611 61011116 111 66 016611166116 66616611161111116 van 11611116116611611311
geslacht hebben 616616 661166. Α116611 6611 6611 661116κ611 116611 1110161 6611 1161·-
116116 66116611166111; 260 61661 1161 11161 (16 0116111616 0011.

2⁰. 13611611 66 201166 0111, 2011 1161 1666661160111 6611 21111 6661611611 611 66611
6616116 zijn van 6161611, rijken 611 116111116611, 611611616 111 6611116111611100116616116

5

