119
Collega-diotaat van een der studenten (Dogmatiek).

van den 00661 1166611. Of gelijk 66 1710111117, (116 (1611 21111166666111 6611 1161 6666
106ν6111·0111Ν1 0111 6611 16 6160111611, 101661 (16 66666111 1161 66116616 6666 (1001·-
1101111611 116611. -— Ζο0 0011 11161. (106 66 Η661·6 116611 66161 (1611 6111161, 1161 6666
6001· 1011116116611110116 11116661611 106111161111 611 6661116 6611 (1611 6111161· 1161 2666 611
6611 1161 6666 6611 2110166666111 10611611101111116 (101 116 (1611 6006 661· 6606161611);
111661· 116661 (111 16 616610011611, 116661 1161 2666 (166 Εν611661166 16 666110016,
11661111 66 Η661·6 11161, 116661 61· 11001· God 6611 sabbath in 116 (116111111116116611110-
11611 6110616; 1161 16 616 11160111 66 Η661·6 101661 1161 66116616 6666 (1001201116
611 1161 1101611 1·in 16. .

Wij nu leven in 616 1161126, 111 (11611 6611116111; 611 (16610111 11166111 1161 op 0116
6611 1116111111, 616011 616 1161126 1161 6611110116, (116 6611116111 1161 61661111111616 611 61601
6611 1161 1066111 611 6611 1161 611166 1616 66116-0161116116 61661. 13001120016116111161;
1161 16 311161 011166116616. De *pausae is de emceptie 611 66 11001· 0116 buitengewone,
160111611661160116 1161111116 (1066 16 1161 1101111616, 1161 616611113116. Η61 616611113116
6161116 16 1136611111 6660110161. Wie derhalve (16 01161111611116, 200 116111161Ν16111κ176
616 van 1161 01166 1761110116, wil verstaan, 111061 (116 1161126 111 21311 66660111611
altijd (10611 111111111111611 101 6611 6111161 11101116111. 1316 1161126 11166 11001· 0116 110011
66116 616611113116 1061661161116 hebben. 136 6606161611 1161111611 6611 0011 611136 (116
1161126 1116666660111 611 1161010611 11161 16 110111611 61661, (16 66011616106160116 111161·-
111116611, 611116 611601 611 0111111666111111 116616611110091 6611 66 1111116116611110116 (1111-
6611, 1111661111 21]· 16616611 611 (116 6611 66 1161126 1100161 61116611. En vandaar 11661
1161 66611116 ,,1106 6611 1116111611 11](1” 611 116116661· 111111 611116 1161116616 ,,Μ6161161116”.
136 661126 161161166 11001· 111111 beses 11161 111666. Η61 610016 11161-11 01066 11661661
11161 1111 1111766 61111111611 11161 66116 1161126 (166111166011611; 1161 16 11161 6611 111111611-
6611170011 1116111 Α 611 66111111116116611100111111611113,666011616611 (1001· 6611161166 Ι)61126;
116611, 66 1161126 1611611111161 11166, 116116 6611 6001100116116011116116611110011 11161-11 (1066.

111 (116 1161126 6660111661 1161261166 616 11161 1161 2666 111 6611 6111161· 661061111.
Men 11661111 66 1170116616 11761111116611, 616 61· 11161 (161 2666 1116616 61116611, wel
11161 vva-an 111661· 10011 1161010611 26 1116616. 111 (116 1161126 1166116161 degelijkplaats
1161 21011 611116 repete-*eremo Wffl‘k Gods, 11.1. (ἰαί der wedergyeboorte, 661 11161
νο01·11101111 1111 1161 proces 661· 61116611, 111661· 6611 1116111 16, (161 16661160111 1111
6611 11611161 op 66 11111661611 661· 1116116011611 (1001· (106 1110161 661111100111. Η61 16
(1611161116 11161 66116 1161126 6611111 6611 6611 1101161006 11161611, (161 6116611 1611 (1061
116611 0111 6611 ν61·111061(1611 11116111111611 1161-6661111116 16 6617611. Ν66111 Η61 16 66116
1161126, (116 6611 110062611611]11 1161611161· (116661, 616 (116111 0111, 1111 Α 16 6166100-
pen 611 11010160111, 11106611111 16 111611611, 11161 111 Β 111061 66106111611. 1111111616, 11001
(116 1661616 11611066 11611 6611101611611, 111061 het yetal cler zcitwrlcorenen sol
6611166111 zijn.

1311 punt 16 (16610111 van 1161 11006616 11616116. 1161 16 6611 yeloofisbelang, 0011

