4
College-dictaat van een der studenten (Dogmatiek).

0166110, (16 Α111111·0])010816 611 (16 Η611161·1010816 11161 11616 8611018611 111
(16 „miseria 01 11101·5” 611 op (16 lijn (161· 816116 1181 (16100115 (16 Christo,
(16 Salute 611 (16 Εο616516. Wat nu (16100115 (16 Νον155111115111·6118611
111061 15 (16 synthesis, de hannonie 11155611611 (1626 beide en (1661(1001·
(16 1661156011118 11611 1161 111 (10015 decretum gestelde τέλος. 111 (162611
100115 111001 61200 blijken, hoe, zoowel (16 lijn 17611 (16 creatio mundi 61
angelorum, (115 (116 11611 (1611 1116115011 611 (16 2011616 11161 (1611 (100(1 615 11661·
8611018, (111 611611200 (116 11611 (1611 (3111151115 615 (1611 Μ1(1(161661, 11611 (16
verkorenon 615 616011 611 (16 60016516 615 nieuw 018611151116 (161 1116115011-
116111, 116 01761111111111118 17611 (16 168611516111118, (116 11155011611 (16 11611116 611
816116 11651066, 111 6611 1161111011150116 66111161(1 5611161111611611 611 (1116
16 26111611 111110011611 op de 810116 1361 conform ZiJ'n (1601661. Ε61·51 200
11111(11 (16 130811161161( 111 (162611 100115 11661· 66111161(1 611 11661 ruste.

1. Deze introductio (116111 0111 (16 1116615 6611 16 8617611, 1117611(6 (1626 100115 111 ’
(16 130811161161( 11111661111. 136 130811161161( 10611 11168 met ayolzom'stisch worden
opgevat. Α15 11( 6611 111115 111711 110111117611, 1061661(611611 (16 516611611 op zichzelf 1108
111661· 2661· 1117611118·; op 1161 111611 17611 (1611 11011117, op de 8666611116, 117611(6 (1001·
(16 011061111186 1761·11111(11118 (161· (1661611 111061 861·66115661·(1 worden, 1(01111 11616611.
1311610111 15 (1626 11111·0(1116116 11611 2661· veel 11616118, 15 26 noodzakelijk. Men 111061
61· 21611 rekenschap 17611 1(111111611 861611, 1106 ’1 (1081116115011 8611011117111 611(661 211.

Nu Zijn (16 61161161165, 1117661106 111611 11161111] 861(0111611 15, 17611 176161161 66111.
130011 (1661106 1)651011(1 1100(1261((111]’1(1161(1. Ζο0 11765 61 6116166151 611005 116181118
0111 (16 130811161161( 1)]1ἱῖο5ορΙῑίὸσΙι 16 86611 11611611661611. 1111111615 (16 130811161161(11011(11
21011 11161 161 17611 1(117651165 116218, (116 001( (1001 (16 philosophen 615 Socrates
6. 6. 21111 11611611(161(1. 176161661· (16 116111161181118 1115501161] 130811161161( 611 Philo-
sophie ; 17666661· 001(, (161 61 16 (111(11171115 (16 11161110(16 11611 1161161111611118 (161· 13081116-
1161( 111111050111115611 werd. Men 26116 21611 (1611 615 6111105001, 0111 6611 osanderprobleem
op 10 1055611 611 1·66(1111668(16 daz-arm] (1611 001( 615 bron (16 11611186 Sem-ist. 1111161
bijzonder (166(1 21011 (1111111 (162611100115 17001. En 86611 wonder. ,‚God‚ deugd‚ 0115161·-
felijkheiffl — 216(1661· 1161 resume 11611 (16 philosophie der 1101186 66111111. ,,Ο1761·
(1626 onderwerpen 11611(1611 1111111615 001( (16 100115 (16 Νο11155111115”, 200 (160111
111611. Η6115 (1611 001( opmerkehjk, (16126115 806(16 Gereformeerden (1626 10111 hebben
begaan. Α15 1).11. 6611 111601008 615 1161161116 6611 (162611 Locus 15 106861(0111611,
11681111 hij> 11161 (16 111668, 611 511 resurrectio 611111166; 1611117131 10011 (16 1(11165116
over (16 onsterfolijkhoid (161· 2161 w'et him· 1111115110011, 111661· 161· sprake komt
111 (16 Α111111·(»]1016816, 117661· „de lzanm'nffl gehandcld werdt. ³

