58
Collega-dictam van een der studenten (Dogmatiek).

111116111 171111 (1611 Wind7 11711111111 1110101 1111116601110, (11111161 1611611 111 (16 1111111111
1161166160111 11110101 (1001· (16 111111110111 (1006 611 200 0011 16 1161 11161 1161 1611611 061
menschen.

In 66611 06261· 116106 6611111611 6116111161 11611 (1626 111111116- 6611 locus probans
zijn voor (16 116611661116, (116 06 (100(1 11161161 111111611111106 0112611 6661171661] 6111111.

We] 111100111 21011 (1626 6601101116 17661 111111 (16 1110010611, (116 1176 11161 1161110611;
want, Wanneer 1161 16606 wazu· 16, (1111 (16 6101111 van 06 11760611117111110161160611
(166 10116116, 01111111111111611111 van 0611 1116116011611111611 111711 111016611116 0116 01761ν1111;
(1111 (16 61116 van 1161 0116611111, 011611161111611111 van ’6 1116116011611 11616116111116 0116
6611111 111111 (10611 111661161011611, 01111 66101 011 111 1106 17661 61611161 111111611161171111,
(1111 06 61116 Van 0112611 (100(1 111111611 11116 11616116111116 0111, 6611661 0111161117110111
01761· 0116 11661161 611 0116 111-(1011161006 1166111761111.

13111116116 (1611 6111116111111116, 1161 11611111110 6011161, 11711261] (1626 1170010611 11161 011
0611 (100(1.

Dat 61 6611 temnimus peremptorius 171111 (111 161761116, 1110101111 (16 11611166
schrift 1116661 1111116601110 (1001· 1161 116610 van 6611 6611011117, 1111111111] 6611 (1611116,
11761116 106611111. 1111111111. 25 .· 10-13.

13620 νο01“616111116 16 011116111161111111111, 200 61· 11161 6611 ὥρα 16, (116 661111111111
01161 160616 6611111116 101 2111 11661166611,

Luk. 13 : 25. Η161· 1161111611 wij 111 6611 1111061· 116610 1176616611661 (16261106
νο01616111116; 6611 06111, (116 011 66116 116111111106 1116 211 (110111 6111111; 117111110001,
111611 11110 11111111611 111611111ῑ 1111111101) 111611 1106 211 11101111611; 1111111 11161-111111 01111
666116 0116111116 111661 16.

01161111. 3: 7. 0111161116 1111116601110 1116 ὁ ἔχων τὴν κλεῖν τοῦ Amet& weer 0116
(16 17001616111116, 0111 1161 110111111111111 16 6611 1111061111116, 0111 11161 1100116061011611-
6111111, 0611 111116 0116, 11161 6611 011611 11111111), 11111111 6611611661611606 111111116, 666011610611
171111 1161 01161166 (1001 (16 θυρά, (116 we] 011611611111, (10011, 1116 26 661111111111 66610-
1611 16, 11161 171160610111 011611 1101111.

Α11611, (116 (16 11611166 86111111 661611, 1161110611 (11111 0011 66111111116;

1⁰. (1111 61 6611 116611666110 611106 1101111; 611 0011

2⁰. (1111 0626 116611661116 11161 1111110 11161 (1611 (100(1 611111611171111, 11111111· 0011 16606
111111 110111611 11001 0611 (100(1 11.1. 11001· wie 20110161 166611 (1611 Η61116611 66661
11111111. 12 : 31, 116111. 6 . 4 6.6.; 1611717111 ν11616111111, 0111 (16 616116 van 016
6011010611111, 11111111· 11161 (10 201106 166611 0611 1161116611 (16661 16 111661160611,
111111616116 111111 10011611 101 111111 (1611 (1000; cf. (1611 111001061111111 111111 1161 1111116,
(111Ι 111 ictu 11101116 171111 0111161116 (16 21111661110111116 011117111161 Op 211116106116611116
101 (1611 (3111161116.

3⁰. (1111 (10 terminus, 1171111101) 2611611610 611 1111111121111611610 11001· 60111116 2111
1116111111, 1161 006611111111 1111 11110011 171111 1161 111-111616 0010061 16.

 

