60
College-dictaat van een der studenten (Dogmatiek.)

100011510111110 11155011011 11101110 011 0000010020 0000001001 110100 5001100 11101000
211110; 1111101 11001· 000 0011 2111 01 1111 (1011 0000 1100 11001 111101 1111 10 2111110100
zijn, 001· hij 101 00 2011011010 1101111; 11101010 11001· 0011 1110111011 0010011100, 101101·
1100] 11001· (1011 000001002011 111001101. En 200 1111110111 11100 101 0011 10550110051001
1111 (1011 (1000 1115 0011 Ζοῑιΐθνίηῃθρνοσθδ, 0100110010 011 0011000010 0001· 0011 1111111,
11οί 1090111111, (101 11110011, 1011101011, 2011101011 1110051.

111 (101 1100011001· 11010011 0115 11ίο1 00 100011, (10 1101001100, (10 00001001110011,
111001 (10 l-cerk 15 01, 00 100011 (101 201101110110000 110111 11001011 10 0101111155011011-
510111 111111 1001011110. 1101 was dus 0000 0110010 011010 zijn7 010111 0011 0010.
De Doop 15 11001110, 015011 0111 01 10 ’10 11011100. Α1100, 010 01111 11011100, worden
211110; 01001 0111 101 0100 11000011 11·οΡ 111111 2011011010 10 11011100, 111001 01· 000
11111010 01101100 11101000 0010000, 010 01001· 15 0001111010 10011 0101111001 10051-
1110111100 0011 00 2101 01· 111 1101111.

Ζο0 2101 1000, 1100 00 3000150110 110111 101 (10 1001 11001101 1100011001· 15
00110111011; 11101 1111101· 200 111 00115, 0001 0011 11111111, 1110111· 1011020010111000, 1115
0005000001Ῑο 111111 0011 10015011011 000001110001100 (Gregorius 0. 0.. Cone. 11. Γ1110010.)

Ζο0010 111011 1111 20111 0011 1055011005111111 015 0011 1001011005010005 01110111,
1110101 0111111000111]11 (10 110111111011 1100 1101 0011-1100101100 op 00100 111000011011100
011 00 110010 110111 1101000010. 1111 0011 0111001111Κο 00120011 0050111001 011. Α15
111 20οῑ 111 11011 00000111 011 111 word 005 211110, 1115 111 51011 ; 111001 ’1 0001 01
11101 100, 1100 111 leem 0011 111 51011 111 015 0011 0000010020,1101 1101111 10011
10100111 w- 01111 1101111 00 110010 1111105110 0001100010 1110100 11001; 1111011100111
1101101, 1111 0011 101100, 1110111111 111 110100 00 0011101100 001·- 11101010 51110011 011 0110
111101· (10 01101100 001 1011101100 111111 1101 1100ον0111; of 0100011001οῑ 011 000 11100-
100011 1011011 111111 01111101101110 011 0011101100 00 zelfopoffering 011 000 111101 000
2001· 00111100 1001011110 van 1101 1100011001. Εο 0011 11011 1111100111111 00 0051155100
1111111 1101 001510 01101, 1101 0100501110 001101 011111 01111 11001. En (111 11110101 1100 ¹
51011101· 0001· 00 1001, (1111 1101 11]·000 11011 1101 1100011001· 11110 1101111100010 0001
(10 111155011 op 1111100 100011 20011001 of 20011001 001(1; 0. 1. dus 0011 20001000
11001· 0010, (10 01100110101100, 111111111011011 11001· (10 201100, (10 1101110111011 11101111ἳ
van Μ1111101011 01101 (3111151115, 00 0101) 20110100 0001101110, 111-1101100011 de 11011101·-
ming 11101 0110 11100111 0011111001.

Ζο0010 111011 1111 0011011101 20111 0011 101110111105010005 1111 0011 0000 0000110011
11101 00 110115 0111 11101 10 2011010011 011 10101· 1011101100 of 00100110010, 111001 We]
11001 1101 1101-1101011 1011011 1101011111151 111 000 1101111110, 010 op 001 1100011001· 010001.
Want 10. 111 00 1101-11 01111111001110100,2001101100100111110011,1111101110001111111·11011-
0010011 11111110011011ῑ 00 00510111011011 111111 0011 Ρ111115101’(10001’; 2⁰. 010 100115011011111
1101 11110ον0111· 11110000 11111151. Ε11 200 15 (10 0101151 (101· 110111010010000015 0011101-
000 0011 0101101, 1011 1101100110 001· 2101011 111 1101 11110ον001 111 010015 111111 000

 

