170
Collega-dictam van een der 0100001011 (Dogmatiek).

17011 21111 1101010 111-0111100100. Ε17011200 110011 hij 011 1101 3011100 van 302011011010
1110110011 1100013, 0111 110111 17001· 10 11011100. Mam· 11101111] 11001001 1701001111. Wil
(10 1030011113 0011 3011001117 101011 1100117011, 0011 203120, ,200 011 0101000010
11111 111 1101 1101111011.” Μο01 (1001·011103011 0011 30110001111110130 1000 0017100 0011 (10
1030011113 0111110113011, 0011 2031 20 11101, 200 111111 111 01111100 1101111011, 111001· 20
1710031 0001100013 ,,1100 10 1101”“.> Nu 11001001 01 1103 0011 0110010 001030110 11011
1101001100, 010 (10 1101-01011 301110111011.

01120 110111113111 3011101111 11. v. 111 01120 111001 000’ Gozwermmr, 111 011Ζο 0001
0011 6011101110111·-ζτ’01101·α(1ἰ 00 111 (10 1101001111101100 11101111101011 van 1101 11111 com-
am'ssare'ssen der 1100111910. Waarom‘? 0111001 21] 11101 0110101 10 3011111 11011 21111 011
00010111 (10 0100011000010 111001 1100011ον00. (Ηο1 200 11001 0011001101· 2111011700-
11001· 111011 (10 00101010001100011 001 110111031011101111010011Ρ10110011011110010,111001
0100000001· 3011001110 1100. 1311 10 0011101· 11101 200 30000100, 0111001 11101117100000
20 00010001 10 11001 in (10 1100310 10 01011011, 011 0011 0111001 0020 naam vooral
0011 1101 Ηο10 17011 0101110 013011 11700.)

Wat 10 1101 verse->him 1311, 001 011 0011011 0101111001 of 301100011011013011 1000
30011 30203 301030 1110101, 011 (1011 commiss-aris 0001101111130 011 (1011 (100110111001-
(10001001 (1001·011103011 11701, 130 8001701010 10001001 21011 11011 (1020 1101001100, 010
1101101011, 1110010001· 111] 111 0110010 1110010011 21111 30203 0110010111.

Aldus 11170101 (10 103011010111113 30170010, (101(1001110110111001011 011 01300011
301110111011 11011. 11101101110111011 3011101111 ’(100 110011 11001· 0011130 011110011113 van
zijn 30203, 11701 0111 0011 (1000 101 010110 10 1110113011. Α10 (100 1111. 0011’111001·(10-
11001 3011101111 0111 0011 110111113 van 101001 011 (1011 11103 10 10101011, 10 (1020 30011
0130011, 111001· 11101101110111. 13001001 21111 1101 10111000 01300011,11700100010100
21111 0001101010 30203 0110010111.

De nota, waarm, 1011 0112101110 van (10 013011111110 1101001101110 011 0011111021311010
van 0110 0110111010030203 011 001110, 1101 1101-001111 0111101111 is laec ins discretionis,
1170111 (10010001 1170101 0011 0011 3011101111 1101-00011 (10 11100111 30301100 0111 2011
10 0010001011, 0111 0130011 10 21111, 0111 2011 1100101100 011 110011001113011 10 nemen
11001· 013011 10210111, 01100010 (1011101- 011 0111100001 013011011 21111, 0111001000
11011 2011 (10 11000100011113 1110101 (11101-30101011. Εο11 0010100001 (1001011103011
110011 01011110 (10 117011011 011 10 17001011,11001130011100 discretionis. Da-arom
moeten we wel 011(101·0(’1101(1011 1000011011 0011 (110301 van 30203 011 0011 0111111011001.
Hot 111-1001010010 1101001111 10, (101 (10 ammonam· 0011 arn] 11011 (10 00011010100
11100111 is, 1100111001· 20 1101-0 11100111 01111701111; (101, wazu· 01 0131111011 30110100 11101·-
den 011 01 1101000011 0111100011, (1020 11011 0011110101 of 11011(10011011101011100111 0111-
110113011 (1111 (10 11100111 naar (figen 10210111 011 10 00100011, 1311 30101 11οοίιὲ absoluat,
111001 10011 110011 1101 0130011 0011 1111113, 11700110 1101 2011 11001100011 kun, b. V. (10
0011010111113 van 0011110001011 111 (10 0001 sta-at 0011 (1011 (1001701110111-(101101001.

